== DEBUT ENREGISTREMENT ==
== FIN ENREGISTREMENT ==
== EXPORT VERS AUDACITY ==
0
0
10
37
51
46
22
0
0
17
61
89
76
23
0
0
0
89
166
148
18
0
0
0
398
1145
2002
2744
3214
3361
3271
3088
2956
2935
3002
3084
3120
3088
3022
2966
2955
2982
3025
3051
3053
3042
3035
3052
3082
3116
3129
3132
3093
3090
3086
3097
3102
3112
3107
3104
3095
3093
3092
3098
3100
3102
3092
3086
3074
3068
3066
3065
3066
3067
3072
3076
3092
3101
3116
3117
3117
3104
3098
3090
3096
3106
3120
3131
3141
3142
3145
3137
3137
3131
3132
3134
3138
3141
3137
3132
3120
3112
3106
3106
3107
3109
3099
3089
3073
3067
3068
3087
3110
3135
3146
3149
3142
3139
3137
3150
3161
3171
3167
3155
3134
3118
3105
3103
3103
3103
3100
3088
3082
3068
3071
3073
3084
3095
3104
3113
3119
3126
3133
3135
3141
3140
3142
3144
3149
3156
3163
3171
3171
3166
3159
3148
3139
3132
3123
3117
3110
3102
3098
3091
3090
3088
3090
3095
3102
3111
3118
3125
3128
3131
3130
3132
3131
3129
3123
3115
3105
3099
3101
3106
3120
3126
3133
3130
3121
3112
3104
3105
3104
3111
3114
3117
3119
3118
3116
3110
3103
3092
3083
3077
3074
3079
3084
3090
3093
3093
3092
3092
3095
3098
3104
3107
3111
3115
3121
3132
3138
3144
3145
3140
3131
3125
3119
3119
3121
3119
3119
3117
3119
3123
3132
3137
3136
3128
3116
3104
3099
3099
3104
3109
3106
3100
3091
3084
3084
3088
3098
3106
3114
3118
3124
3129
3135
3144
3148
3154
3157
3159
3161
3159
3155
3147
3138
3132
3127
3129
3129
3130
3125
3121
3117
3117
3122
3132
3141
3146
3148
3145
3144
3143
3147
3151
3154
3155
3153
3150
3148
3146
3147
3146
3149
3148
3148
3147
3144
3141
3139
3135
3133
3132
3132
3132
3131
3129
3128
3128
3130
3135
3138
3143
3144
3143
3140
3139
3135
3136
3133
3133
3132
3133
3133
3136
3135
3134
3131
3127
3124
3124
3125
3129
3131
3132
3133
3132
3135
3139
3143
3148
3151
3153
3152
3151
3150
3146
3142
3137
3130
3127
3126
3124
3122
3118
3112
3107
3104
3105
3110
3117
3122
3126
3127
3129
3131
3135
3139
3143
3143
3143
3140
3140
3139
3139
3136
3132
3126
3120
3115
3116
3117
3120
3120
3119
3116
3112
3110
3108
3108
3108
3107
3105
3103
3104
3107
3111
3116
3117
3117
3115
3112
3111
3114
3119
3126
3132
3137
3140
3143
3146
3148
3151
3151
3151
3148
3147
3144
3143
3141
3139
3137
3135
3136
3135
3135
3133
3131
3129
3126
3126
3126
3128
3129
3131
3132
3135
3138
3143
3147
3149
3151
3151
3153
3153
3156
3155
3153
3149
3143
3137
3134
3132
3133
3134
3138
3141
3146
3150
3154
3156
3156
3154
3149
3145
3142
3143
3144
3147
3148
3147
3145
3141
3140
3139
3140
3141
3143
3143
3143
3142
3141
3140
3140
3140
3140
3142
3145
3149
3152
3154
3152
3148
3144
3138
3136
3133
3133
3133
3133
3133
3133
3132
3133
3133
3135
3135
3135
3134
3134
3134
3135
3138
3141
3143
3143
3141
3138
3136
3134
3133
3134
3134
3135
3134
3134
3133
3134
3135
3134
3132
3128
3122
3117
3113
3113
3114
3116
3116
3117
3117
3117
3116
3115
3112
3109
3106
3105
3106
3110
3115
3120
3122
3124
3125
3126
3128
3129
3127
3125
3123
3122
3123
3126
3129
3129
3125
3118
3112
3109
3109
3113
3116
3116
3112
3105
3098
3095
3097
3104
3111
3116
3116
3115
3112
3111
3110
3111
3111
3111
3110
3110
3113
3117
3121
3124
3126
3125
3123
3122
3123
3124
3126
3127
3126
3125
3123
3121
3120
3119
3119
3119
3120
3120
3121
3122
3122
3123
3124
3126
3128
3131
3132
3133
3131
3130
3128
3128
3131
3133
3135
3135
3132
3130
3127
3127
3129
3133
3137
3139
3140
3141
3143
3146
3149
3151
3151
3148
3144
3140
3139
3138
3141
3143
3144
3145
3145
3145
3144
3143
3140
3138
3136
3137
3139
3144
3147
3149
3149
3145
3142
3139
3139
3140
3144
3147
3149
3148
3146
3143
3140
3138
3136
3134
3131
3126
3120
3114
3110
3109
3112
3116
3121
3124
3128
3130
3132
3134
3137
3139
3140
3140
3140
3139
3139
3138
3135
3131
3127
3123
3120
3120
3119
3120
3117
3112
3106
3099
3094
3091
3091
3093
3096
3100
3103
3105
3107
3107
3106
3104
3103
3102
3101
3100
3099
3098
3097
3096
3096
3097
3097
3096
3092
3088
3083
3081
3082
3085
3090
3092
3091
3086
3079
3072
3068
3068
3072
3076
3081
3082
3081
3079
3076
3075
3076
3079
3083
3086
3088
3088
3087
3084
3081
3078
3078
3078
3079
3081
3082
3082
3081
3079
3077
3073
3070
3068
3068
3071
3075
3080
3084
3085
3083
3077
3071
3067
3065
3067
3069
3069
3067
3063
3059
3057
3058
3061
3065
3066
3064
3061
3057
3055
3055
3058
3061
3062
3061
3059
3058
3058
3061
3065
3069
3071
3071
3067
3063
3059
3058
3060
3063
3066
3068
3068
3066
3063
3061
3061
3062
3065
3068
3070
3070
3070
3070
3070
3071
3075
3078
3082
3084
3085
3084
3083
3081
3081
3083
3086
3091
3094
3095
3095
3093
3092
3091
3092
3092
3093
3092
3092
3093
3096
3102
3108
3113
3115
3114
3111
3107
3105
3105
3108
3110
3113
3114
3113
3112
3109
3107
3105
3105
3106
3107
3111
3115
3120
3124
3126
3126
3125
3122
3120
3119
3119
3119
3118
3115
3112
3110
3111
3116
3124
3133
3139
3141
3139
3136
3133
3133
3137
3142
3146
3149
3149
3146
3143
3138
3136
3136
3138
3142
3148
3154
3158
3159
3158
3153
3149
3146
3144
3145
3146
3146
3146
3145
3145
3146
3149
3152
3154
3157
3158
3160
3161
3162
3162
3161
3160
3158
3158
3158
3159
3159
3159
3156
3151
3147
3144
3143
3143
3144
3145
3144
3143
3143
3144
3146
3148
3148
3146
3141
3136
3132
3131
3135
3140
3144
3145
3143
3137
3130
3124
3122
3124
3129
3136
3141
3145
3145
3143
3139
3134
3131
3128
3127
3127
3129
3130
3133
3136
3138
3141
3143
3145
3145
3144
3142
3140
3139
3140
3141
3143
3144
3143
3141
3139
3139
3140
3143
3145
3145
3143
3141
3134
3136
3137
3143
3148
3151
3141
3164
3155
3169
3128
3155
3155
3122
3160
3145
3169
3191
3153
3160
3140
3135
3160
3170
3167
3143
3121
3165
3241
3378
3491
3493
3326
3000
2616
2316
2239
2416
2753
3114
3329
3347
3214
3051
3001
3093
3298
3473
3519
3412
3189
2983
2881
2938
3096
3288
3422
3468
3422
3374
3278
3232
3134
3106
3063
3000
3037
3052
3115
3171
3156
3178
3179
3205
3277
3341
3380
3373
3306
3228
3121
3066
3056
3090
3140
3175
3187
3164
3135
3116
3106
3130
3156
3192
3217
3217
3212
3188
3171
3152
3140
3147
3152
3167
3177
3178
3160
3131
3091
3055
3037
3036
3047
3074
3089
3095
3097
3101
3110
3138
3171
3205
3229
3233
3224
3206
3196
3191
3188
3188
3176
3153
3121
3094
3069
3062
3067
3078
3089
3099
3103
3106
3110
3120
3129
3143
3153
3159
3161
3165
3165
3169
3169
3169
3164
3160
3155
3146
3138
3123
3106
3086
3073
3063
3068
3080
3096
3109
3118
3119
3116
3118
3122
3134
3146
3152
3153
3144
3140
3129
3123
3116
3107
3097
3085
3077
3071
3075
3078
3083
3087
3089
3092
3100
3110
3120
3125
3124
3114
3104
3096
3096
3103
3113
3116
3118
3110
3100
3094
3091
3095
3102
3110
3115
3116
3116
3114
3114
3113
3108
3107
3098
3094
3094
3096
3103
3108
3113
3115
3112
3115
3112
3116
3115
3114
3110
3106
3105
3106
3117
3125
3131
3136
3129
3119
3108
3100
3096
3102
3112
3125
3136
3146
3151
3153
3155
3153
3151
3148
3144
3142
3141
3142
3143
3146
3144
3138
3131
3123
3118
3120
3123
3129
3131
3129
3126
3120
3122
3126
3138
3149
3157
3159
3154
3150
3143
3141
3141
3141
3141
3138
3137
3138
3143
3152
3158
3161
3157
3150
3142
3143
3148
3158
3165
3164
3158
3146
3140
3140
3147
3155
3158
3149
3133
3115
3103
3104
3112
3123
3129
3125
3115
3105
3101
3105
3116
3129
3137
3139
3136
3130
3125
3123
3121
3122
3123
3125
3125
3124
3122
3116
3111
3107
3105
3106
3109
3113
3114
3114
3111
3109
3106
3104
3103
3103
3105
3107
3111
3112
3111
3106
3099
3091
3085
3082
3083
3086
3090
3095
3098
3100
3098
3094
3089
3083
3080
3079
3082
3086
3089
3091
3088
3087
3086
3088
3094
3102
3107
3111
3110
3106
3103
3103
3106
3109
3112
3109
3104
3095
3086
3079
3079
3084
3090
3097
3101
3100
3102
3103
3109
3118
3128
3135
3138
3136
3131
3126
3124
3125
3128
3130
3130
3129
3127
3127
3127
3131
3133
3131
3128
3123
3120
3121
3127
3138
3148
3156
3161
3162
3159
3157
3157
3158
3161
3164
3164
3162
3158
3151
3146
3140
3139
3138
3141
3145
3149
3152
3153
3151
3150
3149
3151
3155
3159
3162
3161
3157
3152
3147
3145
3146
3150
3154
3156
3155
3152
3148
3145
3142
3140
3139
3139
3139
3141
3145
3148
3152
3153
3152
3149
3144
3140
3136
3136
3136
3136
3135
3132
3128
3123
3119
3117
3116
3118
3119
3120
3121
3120
3118
3114
3110
3106
3102
3100
3099
3100
3102
3104
3105
3105
3102
3097
3091
3085
3080
3078
3079
3083
3087
3090
3090
3088
3085
3082
3080
3082
3084
3086
3088
3089
3089
3089
3090
3090
3089
3088
3086
3083
3082
3082
3083
3083
3084
3082
3079
3076
3074
3072
3072
3071
3070
3069
3068
3070
3075
3082
3091
3099
3103
3104
3100
3095
3089
3084
3082
3084
3087
3092
3094
3094
3092
3085
3081
3078
3079
3083
3090
3097
3100
3100
3098
3094
3092
3090
3092
3094
3098
3101
3105
3108
3111
3113
3112
3111
3108
3108
3109
3111
3114
3115
3114
3112
3109
3108
3109
3111
3112
3113
3113
3112
3111
3110
3111
3111
3111
3109
3108
3106
3104
3104
3104
3107
3111
3116
3120
3120
3118
3113
3107
3104
3106
3113
3123
3132
3136
3133
3127
3119
3115
3114
3116
3120
3120
3118
3112
3107
3104
3105
3109
3114
3117
3119
3117
3114
3111
3109
3110
3112
3115
3116
3117
3117
3116
3116
3119
3121
3124
3124
3123
3120
3119
3120
3124
3130
3134
3135
3131
3126
3121
3120
3122
3128
3133
3137
3137
3136
3133
3130
3129
3129
3129
3129
3129
3131
3132
3132
3130
3125
3119
3115
3115
3119
3124
3130
3132
3132
3128
3126
3125
3127
3130
3132
3133
3132
3131
3130
3130
3130
3130
3128
3127
3127
3128
3131
3134
3134
3132
3128
3123
3122
3122
3126
3130
3132
3132
3129
3126
3122
3120
3120
3122
3125
3129
3131
3132
3132
3130
3128
3127
3128
3131
3134
3136
3137
3136
3135
3134
3135
3136
3138
3139
3139
3139
3137
3136
3134
3131
3128
3125
3122
3120
3119
3118
3119
3119
3120
3120
3120
3120
3118
3116
3114
3113
3114
3118
3123
3128
3133
3134
3131
3125
3119
3113
3111
3111
3114
3118
3121
3122
3121
3119
3117
3117
3118
3118
3117
3115
3112
3109
3109
3110
3113
3117
3118
3117
3114
3110
3108
3108
3111
3115
3120
3125
3130
3133
3136
3136
3136
3133
3130
3128
3127
3129
3133
3137
3141
3142
3142
3140
3139
3138
3139
3142
3144
3146
3149
3151
3152
3153
3150
3146
3139
3133
3130
3130
3134
3138
3143
3145
3145
3144
3144
3147
3152
3156
3159
3157
3153
3149
3146
3147
3152
3157
3162
3163
3162
3162
3162
3166
3169
3171
3170
3166
3162
3157
3155
3155
3157
3156
3154
3150
3145
3142
3141
3142
3143
3144
3145
3145
3146
3149
3151
3153
3151
3147
3141
3136
3133
3133
3134
3136
3136
3135
3132
3131
3132
3133
3135
3135
3132
3128
3122
3118
3116
3117
3120
3123
3126
3126
3124
3121
3117
3114
3113
3113
3115
3115
3114
3112
3110
3109
3109
3111
3113
3113
3111
3107
3104
3101
3100
3100
3101
3099
3096
3093
3090
3090
3092
3094
3096
3095
3094
3091
3091
3092
3094
3098
3100
3102
3102
3100
3098
3097
3096
3095
3095
3096
3096
3095
3094
3090
3087
3084
3084
3085
3088
3090
3090
3088
3086
3085
3088
3092
3097
3102
3103
3103
3102
3102
3103
3105
3105
3104
3100
3096
3094
3095
3100
3106
3111
3112
3110
3104
3098
3094
3094
3098
3104
3112
3117
3119
3118
3113
3109
3106
3105
3106
3109
3112
3114
3115
3116
3116
3116
3116
3116
3115
3114
3112
3110
3108
3107
3107
3108
3111
3113
3115
3117
3117
3117
3117
3117
3118
3119
3120
3118
3115
3112
3110
3112
3118
3126
3133
3137
3134
3128
3119
3111
3108
3110
3115
3121
3125
3127
3126
3124
3121
3120
3120
3121
3123
3125
3127
3129
3129
3129
3127
3125
3123
3122
3120
3120
3118
3117
3116
3116
3116
3117
3117
3117
3118
3118
3118
3118
3117
3115
3114
3113
3113
3116
3119
3123
3124
3124
3122
3120
3118
3117
3115
3114
3113
3112
3114
3116
3120
3124
3126
3126
3125
3123
3123
3124
3126
3127
3128
3128
3126
3123
3121
3120
3121
3123
3125
3128
3131
3132
3132
3130
3127
3125
3124
3126
3130
3134
3138
3139
3138
3135
3131
3128
3126
3126
3127
3129
3130
3130
3131
3132
3132
3133
3133
3133
3133
3133
3133
3133
3133
3133
3132
3131
3130
3130
3132
3134
3138
3140
3142
3143
3142
3140
3139
3140
3141
3144
3147
3149
3149
3147
3145
3144
3144
3147
3150
3153
3153
3150
3147
3143
3142
3143
3148
3155
3160
3164
3164
3162
3159
3157
3156
3158
3162
3166
3170
3173
3174
3173
3171
3170
3170
3170
3172
3174
3177
3179
3181
3182
3182
3181
3180
3177
3174
3171
3169
3169
3171
3174
3176
3177
3176
3173
3169
3166
3167
3170
3174
3178
3179
3178
3175
3171
3169
3170
3172
3176
3178
3178
3176
3172
3168
3165
3163
3163
3164
3166
3167
3168
3168
3169
3169
3170
3172
3173
3174
3175
3175
3174
3173
3171
3171
3170
3171
3172
3171
3171
3170
3170
3169
3169
3169
3169
3169
3168
3167
3166
3164
3162
3158
3154
3151
3151
3155
3161
3166
3168
3167
3161
3154
3149
3147
3148
3150
3150
3149
3145
3143
3141
3140
3140
3139
3138
3137
3136
3137
3139
3141
3141
3139
3136
3134
3132
3131
3129
3127
3124
3121
3119
3118
3118
3119
3118
3117
3116
3116
3118
3119
3120
3118
3115
3111
3109
3109
3112
3114
3114
3112
3108
3103
3100
3098
3098
3099
3099
3099
3099
3099
3098
3099
3099
3098
3096
3093
3092
3091
3091
3092
3094
3095
3096
3096
3095
3094
3093
3092
3093
3092
3092
3090
3087
3084
3083
3084
3086
3089
3091
3093
3094
3094
3096
3098
3100
3099
3097
3094
3091
3090
3090
3093
3095
3095
3094
3092
3090
3089
3090
3092
3093
3095
3095
3095
3095
3094
3092
3090
3088
3087
3087
3088
3090
3093
3096
3097
3097
3095
3091
3087
3085
3085
3087
3091
3096
3098
3099
3097
3094
3092
3090
3090
3090
3089
3088
3086
3085
3084
3086
3089
3092
3095
3097
3097
3096
3093
3090
3086
3084
3083
3084
3085
3087
3089
3091
3093
3094
3094
3093
3093
3091
3090
3090
3090
3091
3093
3095
3097
3099
3101
3103
3105
3105
3104
3103
3102
3102
3103
3104
3105
3104
3101
3097
3094
3091
3091
3094
3097
3100
3100
3098
3093
3088
3084
3083
3086
3091
3097
3102
3104
3104
3101
3097
3094
3093
3093
3093
3094
3095
3096
3096
3097
3098
3099
3099
3100
3100
3101
3103
3104
3105
3104
3102
3098
3095
3093
3094
3096
3100
3103
3106
3108
3110
3112
3114
3114
3113
3110
3105
3102
3099
3098
3100
3103
3107
3113
3119
3122
3123
3120
3114
3108
3104
3105
3111
3118
3124
3125
3122
3116
3112
3109
3110
3113
3116
3117
3116
3116
3116
3117
3119
3119
3118
3116
3115
3115
3117
3120
3122
3123
3121
3119
3118
3119
3121
3124
3124
3124
3121
3119
3118
3118
3118
3118
3117
3114
3111
3109
3100
3115
3123
3117
3124
3119
3112
3108
3116
3126
3135
3128
3127
3121
3115
3131
3150
3162
3153
3125
3089
3072
3094
3174
3291
3405
3488
3509
3469
3387
3296
3218
3159
3110
3068
3022
2977
2949
2945
2965
3004
3047
3087
3118
3142
3164
3183
3192
3194
3181
3157
3131
3098
3092
3086
3070
3079
3084
3091
3103
3126
3150
3177
3191
3210
3216
3204
3195
3180
3159
3140
3123
3108
3095
3083
3084
3090
3097
3114
3129
3142
3150
3153
3153
3150
3142
3139
3134
3127
3125
3124
3124
3127
3130
3136
3141
3145
3153
3159
3163
3167
3166
3160
3152
3141
3131
3123
3114
3109
3104
3099
3098
3100
3106
3114
3123
3132
3139
3140
3141
3136
3130
3124
3116
3109
3102
3096
3093
3096
3101
3110
3120
3127
3129
3130
3128
3126
3121
3136
3137
3137
3133
3118
3106
3094
3090
3094
3093
3088
3085
3072
3073
3090
3113
3140
3147
3131
3098
3070
3080
3163
3308
3504
3693
3824
3869
3807
3672
3501
3329
3185
3081
2999
2936
2889
2846
2826
2823
2836
2867
2900
2938
2979
3023
3064
3105
3131
3140
3133
3100
3080
3041
3008
2986
2972
2969
2983
3003
3038
3071
3096
3123
3133
3137
3140
3141
3132
3123
3105
3086
3070
3054
3057
3057
3062
3068
3069
3078
3086
3096
3113
3123
3125
3124
3117
3106
3105
3101
3117
3130
3138
3152
3154
3160
3167
3174
3176
3179
3173
3169
3167
3166
3171
3169
3158
3142
3132
3128
3139
3157
3169
3161
3139
3125
3158
3248
3415
3638
3844
3996
4056
4008
3878
3712
3546
3405
3286
3193
3112
3026
2952
2878
2806
2737
2678
2624
2605
2619
2678
2768
2870
2965
3025
3048
3042
3028
3008
3005
3011
3025
3030
3033
3035
3038
3045
3070
3096
3106
3113
3095
3060
3030
3019
3019
3043
3079
3116
3127
3125
3108
3068
3035
3029
3031
3052
3094
3140
3170
3192
3212
3213
3201
3196
3186
3159
3143
3144
3142
3152
3170
3172
3155
3125
3105
3103
3123
3186
3251
3287
3285
3235
3158
3086
3057
3086
3138
3195
3239
3230
3185
3137
3102
3094
3114
3155
3188
3199
3202
3194
3178
3167
3148
3126
3097
3079
3063
3072
3089
3114
3121
3115
3099
3053
3018
2990
2976
2963
2966
2967
2958
2945
2945
2938
2938
2957
2975
2993
3005
3010
3012
2999
3005
3019
3033
3056
3069
3073
3057
3031
3015
3002
2991
2998
3015
3020
3036
3053
3066
3068
3069
3072
3063
3059
3068
3090
3101
3125
3120
3115
3100
3091
3101
3117
3145
3161
3156
3129
3097
3042
3010
2990
2985
2996
3023
3041
3050
3047
3024
2994
2965
2957
2992
3045
3125
3204
3233
3225
3173
3094
3033
2986
2994
3032
3063
3110
3139
3131
3127
3123
3107
3094
3078
3069
3045
3028
3039
3044
3052
3084
3093
3084
3084
3076
3049
3018
3020
3032
3054
3096
3143
3149
3149
3142
3118
3100
3100
3092
3067
3031
2999
2999
3025
3104
3197
3255
3264
3213
3120
3035
3004
3014
3068
3111
3129
3105
3051
3019
3017
3049
3103
3160
3179
3170
3124
3072
3029
2990
2985
2987
2997
3019
3038
3039
3048
3048
3041
3030
3045
3057
3072
3088
3094
3094
3085
3082
3063
3053
3046
3047
3053
3054
3052
3045
3024
3005
3007
3013
3039
3058
3078
3076
3078
3072
3088
3121
3163
3211
3230
3211
3173
3114
3043
3003
2972
2972
2971
2996
3038
3068
3113
3155
3161
3150
3124
3078
3046
3033
3059
3084
3115
3123
3100
3052
2997
2961
2943
2959
2984
3017
3034
3054
3065
3072
3084
3088
3076
3064
3045
3045
3060
3092
3130
3134
3125
3080
3034
3003
3014
3054
3109
3145
3164
3141
3091
3062
3037
3049
3069
3099
3112
3103
3086
3078
3068
3086
3125
3145
3172
3184
3171
3155
3133
3118
3114
3113
3133
3156
3171
3200
3210
3213
3203
3174
3135
3092
3063
3064
3086
3145
3202
3241
3255
3230
3191
3146
3136
3154
3192
3228
3249
3233
3192
3153
3113
3109
3117
3142
3160
3176
3189
3210
3233
3267
3292
3295
3278
3250
3226
3211
3219
3241
3246
3251
3223
3188
3171
3171
3201
3258
3297
3324
3304
3256
3204
3150
3138
3150
3169
3189
3185
3155
3128
3094
3102
3123
3159
3203
3234
3254
3269
3273
3269
3261
3236
3213
3164
3144
3123
3112
3120
3132
3148
3169
3194
3219
3252
3264
3273
3261
3239
3227
3217
3220
3243
3255
3268
3261
3247
3222
3193
3178
3179
3181
3202
3209
3206
3196
3174
3172
3174
3209
3269
3306
3348
3333
3313
3259
3202
3179
3172
3199
3225
3280
3287
3304
3288
3267
3244
3230
3217
3215
3206
3191
3182
3155
3168
3160
3175
3163
3135
3096
3046
3038
3053
3128
3230
3331
3419
3458
3457
3421
3390
3367
3372
3388
3416
3439
3442
3456
3437
3442
3424
3415
3398
3365
3342
3300
3276
3257
3241
3261
3284
3341
3387
3451
3448
3434
3370
3305
3263
3268
3318
3403
3459
3470
3430
3340
3275
3232
3270
3349
3436
3504
3498
3451
3364
3302
3269
3284
3324
3358
3368
3335
3300
3259
3244
3248
3270
3287
3287
3271
3237
3224
3216
3246
3285
3322
3346
3343
3307
3273
3256
3263
3313
3382
3447
3480
3473
3431
3378
3345
3333
3351
3390
3426
3474
3540
3644
3787
3958
4095
4095
4095
4095
4005
3839
3693
3562
3456
3352
3232
3111
2983
2888
2814
2776
2756
2760
2772
2798
2844
2905
2980
3048
3131
3154
3188
3150
3119
3015
2951
2820
2701
2631
2522
2483
2446
2441
2438
2464
2484
2487
2555
2550
2584
2601
2583
2603
2654
2739
2861
2996
3060
3053
2977
2843
2721
2649
2636
2645
2691
2720
2755
2867
3047
3311
3623
3878
4021
4033
3917
3723
3528
3354
3209
3072
2934
2756
2617
2475
2427
2388
2449
2486
2548
2644
2724
2846
2967
3092
3186
3256
3280
3259
3277
3215
3173
3106
3005
2901
2819
2751
2711
2717
2725
2726
2747
2750
2748
2785
2828
2870
2934
2973
2995
3026
3052
3075
3118
3148
3153
3157
3133
3091
3055
3019
2978
2966
2957
2963
2978
3022
3045
3069
3077
3053
3025
2986
2972
2963
2977
2993
3013
3035
3043
3064
3092
3112
3119
3123
3119
3115
3132
3166
3214
3271
3322
3345
3345
3332
3293
3254
3219
3162
3121
3078
3048
3034
3038
3057
3056
3064
3046
3029
3021
3020
3048
3090
3133
3181
3224
3241
3246
3244
3227
3208
3193
3180
3178
3178
3189
3186
3188
3190
3183
3198
3205
3218
3235
3228
3217
3200
3172
3151
3141
3135
3152
3166
3194
3211
3220
3229
3230
3228
3236
3248
3271
3301
3344
3386
3422
3457
3467
3461
3445
3413
3387
3372
3358
3351
3334
3299
3254
3190
3146
3108
3095
3086
3069
3053
3023
3006
3007
3024
3060
3098
3110
3111
3097
3088
3097
3128
3168
3211
3240
3246
3247
3234
3219
3198
3176
3130
3086
3045
3004
2988
2988
3002
3024
3036
3046
3034
3022
2991
2974
2958
2950
2956
2955
2956
2950
2934
2918
2906
2908
2899
2920
2927
2934
2938
2937
2935
2933
2939
2946
2950
2957
2960
2945
2924
2895
2853
2820
2786
2756
2716
2678
2627
2574
2516
2465
2428
2397
2374
2359
2343
2328
2306
2290
2257
2218
2181
2148
2103
2083
2050
2019
1990
1951
1928
1886
1862
1845
1827
1835
1857
1900
1936
1966
1965
1945
1930
1949
2027
2143
2288
2386
2396
2317
2170
2000
1874
1803
1787
1797
1790
1758
1697
1652
1642
1677
1740
1809
1854
1852
1826
1789
1769
1796
1856
1937
2009
2041
2047
2032
2013
2038
2114
2225
2350
2473
2579
2651
2729
2807
2885
2975
3037
3095
3145
3204
3282
3383
3492
3576
3660
3704
3767
3841
3925
4022
4095
4095
4095
4095
4095
4095
4095
4095
4095
4095
4095
4095
4095
4095
4095
4095
4095
4095
4095
4095
4095
4095
4095
4095
4095
4095
4095
4095
4095
4095
4095
4095
4095
4095
4095
4095
4095
4095
4095
4095
4095
4095
4095
4095
4095
4095
4095
4095
4095
4095
4095
4095
4095
4095
4095
4095
4095
4095
4095
4095
4095
4095
4095
4095
4095
4095
4095
4095
4095
4095
4095
4095
4095
4095
4095
4095
4095
4095
4095
4095
4095
4095
4095
4095
4095
4095
4095
4095
4095
4095
4095
4095
4087
4055
4030
3996
3957
3908
3850
3774
3697
3624
3556
3498
3445
3389
3311
3214
3098
2973
2855
2752
2662
2577
2475
2362
2221
2073
1928
1796
1684
1589
1502
1429
1353
1286
1234
1192
1173
1173
1192
1230
1287
1366
1462
1576
1705
1844
1993
2155
2328
2512
2713
2917
3117
3305
3477
3636
3783
3934
4092
4095
4095
4095
4095
4095
4095
4095
4095
4095
4095
4095
4095
4095
4095
4095
4095
4095
4095
4095
4095
4095
4095
4095
4095
4095
4095
4095
4095
4095
4095
4095
4044
3991
3974
3970
3969
3955
3927
3870
3791
3696
3580
3453
3320
3187
3056
2927
2808
2695
2577
2464
2351
2238
2135
2042
1972
1919
1886
1871
1859
1847
1840
1833
1836
1853
1886
1930
1978
2022
2068
2105
2144
2189
2236
2291
2353
2421
2489
2560
2621
2665
2687
2685
2661
2616
2567
2514
2460
2401
2343
2275
2196
2110
2016
1920
1823
1737
1663
1598
1547
1504
1459
1412
1367
1320
1279
1245
1230
1224
1228
1249
1275
1305
1341
1376
1399
1420
1436
1457
1492
1543
1616
1684
1743
1784
1804
1811
1828
1865
1922
1992
2060
2112
2134
2134
2127
2117
2122
2139
2160
2172
2173
2163
2145
2135
2137
2152
2173
2189
2195
2185
2172
2162
2162
2173
2188
2201
2199
2187
2165
2139
2111
2086
2062
2046
2038
2046
2071
2104
2142
2168
2181
2186
2190
2204
2235
2272
2310
2337
2346
2345
2342
2342
2354
2379
2411
2450
2495
2538
2581
2616
2641
2655
2660
2673
2691
2728
2780
2837
2895
2942
2978
2992
3001
2998
3003
3017
3043
3086
3125
3166
3194
3214
3234
3261
3294
3341
3390
3435
3482
3516
3551
3585
3610
3633
3645
3652
3661
3668
3687
3712
3730
3748
3763
3776
3794
3820
3853
3889
3921
3952
3980
4004
4032
4063
4086
4095
4095
4095
4095
4095
4095
4095
4095
4095
4095
4095
4095
4079
4063
4049
4027
4013
3997
3978
3962
3945
3928
3915
3896
3874
3844
3800
3755
3705
3655
3607
3554
3500
3446
3389
3343
3304
3265
3229
3189
3145
3101
3060
3026
2998
2975
2954
2934
2913
2898
2886
2875
2861
2846
2827
2804
2784
2776
2777
2788
2813
2833
2847
2854
2844
2825
2806
2786
2781
2782
2788
2793
2786
2773
2757
2743
2737
2745
2755
2771
2783
2792
2802
2813
2824
2840
2853
2863
2870
2873
2881
2884
2890
2897
2901
2907
2920
2935
2950
2965
2975
2982
2990
3008
3029
3064
3101
3137
3166
3193
3218
3239
3264
3279
3278
3268
3244
3221
3214
3230
3270
3317
3369
3409
3435
3453
3475
3501
3530
3564
3589
3604
3613
3614
3611
3607
3592
3580
3565
3558
3564
3583
3612
3636
3650
3656
3649
3640
3641
3637
3634
3621
3604
3584
3570
3575
3585
3605
3611
3610
3589
3573
3563
3571
3593
3617
3636
3640
3635
3625
3621
3629
3641
3647
3651
3645
3636
3636
3642
3660
3668
3667
3658
3635
3620
3619
3633
3650
3670
3669
3648
3622
3586
3569
3566
3576
3590
3605
3604
3594
3580
3571
3562
3563
3576
3585
3600
3611
3619
3614
3599
3569
3535
3507
3483
3483
3487
3489
3487
3457
3425
3385
3352
3336
3330
3326
3323
3314
3294
3280
3259
3253
3238
3226
3227
3222
3233
3238
3236
3218
3186
3141
3103
3092
3092
3111
3123
3118
3099
3074
3053
3056
3073
3104
3121
3135
3134
3116
3103
3081
3073
3059
3058
3059
3072
3080
3084
3084
3065
3047
3039
3033
3047
3056
3059
3049
3036
3020
3018
3030
3048
3062
3062
3049
3026
3006
3010
3016
3036
3042
3039
3036
3024
3023
3029
3036
3036
3026
3009
2994
2993
3009
3029
3054
3065
3061
3051
3053
3063
3085
3111
3119
3111
3083
3051
3030
3029
3039
3059
3068
3058
3044
3035
3034
3052
3075
3091
3092
3082
3065
3057
3066
3090
3118
3144
3151
3147
3131
3120
3108
3106
3106
3102
3103
3095
3093
3090
3086
3088
3090
3092
3100
3113
3132
3143
3149
3147
3130
3113
3100
3096
3104
3120
3133
3137
3131
3113
3091
3076
3075
3086
3106
3126
3142
3150
3149
3146
3145
3143
3140
3131
3117
3098
3087
3083
3086
3096
3099
3100
3088
3081
3076
3070
3070
3062
3051
3032
3018
3013
3017
3030
3041
3039
3027
3013
3003
3008
3031
3059
3075
3069
3039
2996
2960
2944
2952
2977
3006
3024
3027
3025
3026
3039
3065
3096
3122
3131
3122
3102
3084
3073
3072
3076
3084
3083
3085
3084
3085
3088
3090
3094
3095
3100
3106
3113
3122
3128
3132
3131
3129
3131
3133
3135
3136
3133
3126
3118
3112
3111
3115
3118
3120
3117
3111
3104
3099
3099
3102
3108
3114
3118
3118
3116
3112
3107
3102
3097
3093
3089
3085
3082
3080
3079
3078
3076
3074
3071
3069
3069
3071
3074
3078
3083
3087
3088
3088
3086
3083
3081
3079
3078
3078
3077
3077
3076
3076
3075
3075
3075
3074
3072
3070
3069
3070
3072
3075
3077
3078
3076
3073
3070
3068
3067
3068
3069
3071
3073
3077
3081
3086
3092
3096
3098
3098
3097
3096
3094
3094
3094
3095
3095
3095
3094
3091
3089
3087
3086
3089
3093
3098
3102
3105
3105
3105
3104
3103
3104
3104
3106
3108
3109
3111
3114
3117
3119
3122
3123
3123
3122
3122
3121
3121
3122
3124
3127
3131
3134
3139
3143
3147
3152
3156
3160
3162
3164
3165
3166
3168
3169
3170
3170
3169
3169
3170
3172
3176
3181
3187
3192
3197
3201
3203
3202
3200
3196
3193
3192
3194
3198
3204
3208
3210
3208
3206
3203
3203
3204
3206
3209
3212
3214
3215
3216
3217
3218
3217
3216
3215
3214
3214
3214
3214
3215
3214
3213
3213
3213
3215
3216
3217
3216
3214
3211
3208
3205
3202
3201
3201
3200
3200
3200
3200
3200
3201
3202
3201
3199
3196
3193
3189
3186
3182
3179
3175
3170
3165
3162
3162
3165
3171
3177
3180
3178
3172
3165
3160
3158
3161
3166
3171
3172
3171
3167
3163
3161
3161
3162
3162
3161
3160
3159
3160
3161
3163
3163
3161
3159
3157
3156
3156
3156
3156
3153
3150
3148
3149
3151
3154
3155
3153
3148
3142
3137
3134
3135
3139
3145
3151
3157
3162
3165
3166
3164
3159
3152
3146
3141
3138
3138
3138
3138
3137
3136
3135
3136
3139
3143
3148
3151
3153
3151
3146
3140
3133
3129
3127
3128
3130
3132
3133
3132
3131
3130
3130
3130
3130
3128
3126
3124
3122
3122
3124
3127
3131
3133
3134
3135
3136
3138
3139
3139
3138
3135
3132
3130
3130
3132
3133
3132
3130
3126
3124
3123
3125
3129
3132
3133
3131
3128
3126
3127
3131
3135
3138
3138
3135
3130
3124
3120
3119
3121
3122
3124
3124
3123
3122
3122
3123
3125
3126
3127
3126
3125
3124
3125
3126
3128
3130
3131
3131
3129
3127
3125
3123
3122
3121
3119
3118
3117
3116
3116
3117
3116
3115
3112
3110
3109
3109
3113
3116
3120
3122
3120
3118
3114
3110
3106
3104
3102
3101
3102
3105
3109
3114
3117
3117
3113
3108
3103
3100
3100
3104
3109
3114
3118
3119
3118
3116
3113
3111
3109
3108
3108
3110
3112
3114
3115
3114
3112
3110
3109
3109
3112
3115
3119
3120
3120
3117
3113
3111
3112
3118
3125
3134
3139
3139
3136
3130
3124
3120
3120
3122
3125
3128
3130
3131
3130
3130
3131
3133
3136
3139
3140
3140
3138
3134
3130
3127
3127
3130
3134
3140
3143
3145
3145
3145
3144
3144
3143
3143
3144
3145
3146
3147
3148
3147
3146
3144
3142
3141
3141
3143
3145
3148
3151
3154
3156
3154
3151
3147
3143
3142
3142
3144
3146
3147
3144
3141
3137
3135
3136
3138
3140
3142
3142
3142
3142
3143
3144
3145
3146
3145
3144
3142
3140
3139
3138
3138
3139
3140
3139
3138
3135
3134
3133
3134
3137
3140
3143
3145
3146
3146
3145
3145
3143
3142
3139
3137
3136
3135
3135
3137
3138
3140
3143
3145
3148
3150
3151
3152
3150
3148
3146
3143
3141
3140
3140
3142
3144
3146
3147
3147
3144
3141
3139
3137
3136
3136
3137
3137
3136
3134
3133
3134
3135
3136
3136
3134
3130
3127
3125
3127
3133
3139
3144
3146
3144
3140
3137
3137
3141
3147
3153
3155
3153
3147
3140
3136
3135
3137
3139
3140
3139
3137
3135
3134
3136
3140
3143
3146
3147
3147
3146
3146
3147
3150
3153
3155
3156
3155
3151
3146
3141
3139
3139
3141
3143
3145
3143
3140
3137
3136
3137
3140
3145
3149
3151
3152
3152
3151
3151
3151
3150
3149
3149
3150
3153
3156
3158
3159
3157
3155
3151
3149
3154
3174
3150
3193
3168
3193
3156
3161
3158
3186
3194
3201
3201
3201
3211
3226
3270
3302
3328
3320
3359
3414
3496
3610
3718
3805
3862
3866
3823
3693
3549
3315
3136
2966
2948
2998
3208
3336
3476
3398
3280
3087
3040
3155
3406
3654
3768
3627
3303
2863
2556
2392
2483
2749
3049
3366
3574
3694
3683
3556
3358
3121
2910
2821
2880
3094
3355
3532
3588
3436
3193
2907
2720
2616
2542
2521
2478
2476
2500
2561
2626
2651
2691
2657
2715
2743
2843
2847
2858
2687
2550
2380
2401
2536
2847
3186
3441
3526
3470
3307
3164
3065
3100
3135
3201
3206
3170
3034
2941
2867
2915
3012
3148
3212
3214
3168
3139
3196
3345
3497
3595
3528
3345
3108
2889
2808
2804
2905
2963
2999
3008
3047
3160
3317
3466
3499
3411
3206
2970
2824
2798
2903
3027
3126
3130
3043
2921
2807
2746
2752
2823
2935
3035
3106
3097
3035
2963
2896
2888
2867
2864
2829
2752
2672
2585
2550
2571
2591
2584
2492
2364
2264
2247
2335
2497
2633
2683
2666
2603
2590
2607
2655
2741
2778
2822
2833
2880
2953
2998
3035
2974
2909
2810
2762
2743
2743
2756
2757
2785
2833
2892
2863
2747
2519
2315
2221
2347
2604
2849
2904
2729
2473
2396
2677
3246
3884
4095
3979
3313
2541
2060
2137
2634
3170
3330
2932
2185
1553
1473
2034
2964
3724
3813
3211
2331
1670
1665
2333
3206
3779
3686
3115
2395
2036
2225
2786
3304
3422
3072
2414
1775
1402
1313
1389
1647
2130
2989
4095
4095
4095
4095
4095
3419
2536
2534
3355
4095
4095
4095
3886
2989
2693
3149
4046
4095
4095
4095
3499
3002
2999
3264
3366
3056
2445
1874
1769
2220
2888
3274
3168
2592
1992
1773
2119
2700
3146
3161
2786
2286
1961
1939
2056
2089
1957
1794
1782
2070
2558
2966
3014
2764
2422
2323
2581
3083
3449
3394
2923
2289
1940
2084
2667
3307
3649
3510
3108
2765
2780
3170
3671
3950
3860
3461
3030
2866
3044
3425
3696
3710
3465
3139
2973
3070
3341
3614
3760
3718
3622
3588
3669
3760
3718
3508
3211
2997
3038
3408
3878
4095
4095
3862
3383
3126
3230
3684
4095
4095
4095
4095
4095
4040
3981
3963
3913
3758
3648
3703
4067
4095
4095
4095
4095
3791
3189
3118
3697
4095
4095
4095
4095
4095
3966
3456
3541
4095
4095
4095
4095
3929
3218
2853
2949
3355
3778
3976
3874
3548
3216
3057
3038
3086
3056
2925
2723
2603
2615
2752
2891
2876
2662
2307
2000
1922
2173
2684
3306
3788
4000
3911
3662
3404
3322
3459
3783
4092
4095
4095
3950
3647
3440
3409
3604
3904
4095
4095
3867
3396
2919
2672
2793
3274
3888
4095
4095
4095
3541
2845
2420
2398
2760
3289
3690
3795
3570
3210
2889
2816
2988
3297
3557
3633
3514
3262
3042
2939
2995
3128
3243
3239
3080
2810
2563
2431
2503
2747
3083
3311
3309
2984
2491
1981
1738
1857
2365
3032
3542
3657
3381
2892
2494
2426
2726
3184
3529
3536
3188
2656
2239
2122
2335
2678
2921
2873
2560
2149
1847
1796
1938
2145
2235
2125
1889
1675
1603
1689
1842
1944
1880
1698
1513
1464
1610
1882
2158
2289
2237
2054
1859
1742
1682
1634
1544
1395
1276
1288
1522
1942
2414
2810
3010
2995
2860
2710
2612
2601
2657
2729
2807
2924
3092
3309
3522
3657
3626
3454
3206
2992
2918
3029
3264
3536
3714
3723
3555
3305
3077
2999
3104
3383
3687
3922
4003
3942
3823
3753
3798
3978
4095
4095
4095
4095
4095
4095
4095
4095
4095
4095
4095
4095
4095
3851
3695
3760
3996
4095
4095
4076
3659
3225
2994
3080
3434
3879
4095
4095
3978
3694
3485
3439
3513
3601
3591
3470
3300
3183
3142
3184
3238
3281
3294
3327
3365
3390
3314
3117
2835
2595
2523
2695
3008
3300
3363
3159
2756
2412
2307
2514
2958
3423
3725
3808
3702
3506
3325
3197
3078
2946
2851
2844
2998
3315
3682
3902
3850
3508
2991
2525
2361
2564
3058
3633
4032
4085
3776
3265
2809
2629
2818
3282
3809
4095
4095
3798
3298
2871
2709
2862
3199
3514
3601
3424
3056
2725
2582
2723
3050
3366
3478
3291
2885
2427
2118
2089
2323
2711
3080
3328
3410
3425
3471
3633
3900
4095
4095
4075
3609
2980
2421
2134
2267
2779
3508
4095
4095
4095
4095
3880
3388
3065
2979
3101
3376
3679
3944
4095
4095
4095
3954
3787
3658
3642
3760
4005
4095
4095
4095
4095
4095
3902
3716
3692
3812
3969
4061
4016
3864
3686
3584
3601
3700
3802
3808
3674
3445
3206
3057
3030
3115
3226
3287
3254
3152
3025
2953
2940
2979
3029
3026
2954
2848
2755
2717
2760
2874
2976
3015
2959
2829
2678
2603
2635
2765
2914
3000
2949
2789
2605
2491
2527
2717
2966
3148
3170
3028
2788
2590
2536
2656
2865
3056
3089
2953
2704
2483
2401
2521
2762
3016
3124
3058
2843
2620
2514
2591
2793
2990
3042
2886
2596
2297
2152
2232
2474
2738
2862
2774
2497
2186
1987
1999
2185
2438
2589
2552
2345
2083
1910
1922
2106
2344
2496
2461
2254
1974
1788
1793
1985
2251
2439
2454
2294
2093
1968
2022
2209
2417
2509
2448
2278
2160
2191
2405
2679
2847
2767
2450
2047
1762
1763
2033
2434
2712
2718
2424
1996
1664
1606
1828
2192
2470
2493
2249
1872
1586
1521
1702
1994
2210
2219
2027
1759
1593
1643
1884
2189
2380
2376
2194
1965
1844
1902
2116
2352
2492
2453
2279
2064
1921
1898
1983
2096
2182
2205
2180
2140
2096
2034
1928
1765
1581
1425
1338
1341
1383
1407
1365
1265
1151
1093
1093
1136
1157
1125
1067
1052
1151
1379
1644
1836
1838
1653
1404
1284
1427
1848
2393
2843
3021
2889
2587
2302
2223
2381
2703
3032
3257
3349
3350
3331
3303
3246
3138
2991
2899
2932
3138
3442
3707
3789
3653
3377
3157
3131
3334
3668
3934
4002
3821
3508
3203
3050
3065
3189
3347
3447
3511
3547
3574
3605
3588
3548
3499
3508
3625
3854
4095
4095
4095
4095
4004
3782
3683
3736
3935
4095
4095
4095
4095
4095
4095
4067
3836
3686
3666
3799
4063
4095
4095
4095
4095
3870
3388
3023
2917
3095
3479
3910
4095
4095
3932
3463
2936
2549
2407
2546
2909
3322
3636
3680
3425
2938
2415
2067
2065
2424
3036
3677
4095
4095
3977
3557
3135
2909
2973
3307
3820
4095
4095
4095
4095
4095
3724
3273
3071
3238
3712
4095
4095
4095
4095
4095
3557
3027
2805
2943
3390
3981
4095
4095
4095
4095
4011
3265
2575
2148
2080
2338
2736
3016
2995
2599
1967
1351
1006
1116
1667
2514
3449
4095
4095
4095
4095
4095
4095
4010
4042
4095
4095
4095
4095
4095
4095
3616
2779
2218
2057
2265
2647
2979
3074
2891
2503
2093
1803
1751
1944
2307
2745
3124
3351
3377
3203
2916
2617
2427
2420
2592
2875
3162
3358
3430
3429
3442
3573
3887
4095
4095
4095
4095
4095
4095
4095
4095
4095
4095
4095
4095
4095
4095
4095
4095
4095
4095
4095
4095
4095
4095
4095
4095
4095
4095
4095
4095
4095
4095
4095
4095
4095
4095
4095
3969
3664
3342
3098
2963
2953
3028
3144
3246
3289
3264
3161
3011
2840
2703
2629
2650
2757
2917
3084
3189
3218
3154
3033
2903
2802
2777
2838
2993
3182
3354
3438
3417
3304
3147
3022
2981
3061
3217
3418
3566
3632
3604
3491
3376
3294
3288
3356
3452
3563
3644
3703
3741
3769
3782
3807
3830
3857
3885
3914
3948
3981
4023
4055
4094
4095
4095
4095
4095
4095
4095
4095
4095
4073
3979
3957
4011
4095
4095
4095
4095
4095
4022
3825
3654
3550
3510
3519
3557
3593
3611
3594
3522
3399
3244
3069
2941
2863
2870
2952
3059
3153
3161
3065
2874
2634
2429
2317
2336
2450
2613
2749
2807
2772
2645
2478
2317
2200
2167
2208
2317
2456
2586
2662
2664
2579
2421
2254
2125
2103
2181
2333
2504
2636
2683
2648
2541
2409
2298
2234
2235
2295
2393
2517
2631
2719
2764
2754
2708
2629
2559
2523
2559
2657
2795
2916
2985
2966
2883
2757
2655
2616
2664
2786
2927
3058
3128
3149
3114
3067
3023
2988
2976
2972
3004
3066
3159
3272
3373
3451
3480
3452
3381
3280
3207
3163
3167
3211
3290
3372
3452
3481
3476
3416
3341
3258
3211
3199
3236
3307
3393
3477
3534
3571
3577
3576
3562
3556
3560
3579
3621
3665
3713
3740
3757
3752
3735
3720
3708
3715
3724
3742
3766
3787
3811
3831
3864
3903
3944
3978
4000
4007
3999
3977
3951
3923
3917
3912
3923
3929
3940
3943
3944
3929
3923
3902
3896
3873
3860
3843
3828
3815
3797
3784
3765
3756
3742
3743
3738
3741
3734
3720
3698
3671
3653
3634
3632
3626
3621
3607
3580
3556
3529
3515
3508
3502
3492
3472
3444
3413
3386
3366
3359
3353
3345
3330
3304
3280
3258
3248
3248
3251
3253
3251
3243
3231
3218
3205
3192
3175
3154
3135
3112
3095
3082
3072
3063
3049
3030
3010
2988
2969
2954
2945
2943
2948
2952
2954
2949
2936
2915
2891
2867
2848
2837
2830
2825
2819
2816
2816
2814
2812
2812
2804
2796
2791
2789
2791
2800
2814
2827
2836
2841
2839
2829
2813
2797
2785
2783
2792
2806
2820
2825
2818
2804
2788
2783
2791
2810
2831
2847
2849
2839
2822
2804
2796
2804
2822
2846
2865
2875
2874
2863
2850
2839
2834
2839
2841
2841
2834
2825
2818
2817
2822
2834
2840
2846
2852
2855
2864
2876
2882
2880
2865
2845
2829
2822
2832
2851
2868
2875
2864
2840
2813
2792
2782
2785
2793
2800
2801
2796
2791
2786
2782
2779
2778
2776
2776
2781
2786
2790
2792
2789
2785
2783
2789
2806
2834
2864
2879
2877
2855
2819
2780
2751
2738
2739
2747
2759
2766
2762
2753
2742
2735
2734
2738
2744
2746
2744
2742
2739
2745
2754
2761
2767
2758
2743
2725
2716
2717
2731
2750
2761
2762
2744
2725
2710
2711
2733
2763
2796
2816
2814
2800
2778
2764
2767
2787
2821
2853
2870
2869
2854
2839
2830
2837
2856
2885
2914
2935
2954
2964
2979
2993
3007
3020
3026
3027
3029
3030
3033
3040
3048
3058
3072
3089
3114
3140
3164
3182
3193
3192
3187
3182
3182
3190
3202
3228
3254
3283
3309
3326
3333
3332
3328
3330
3340
3355
3374
3388
3393
3392
3392
3399
3415
3436
3450
3447
3419
3379
3330
3290
3271
3270
3285
3296
3295
3280
3254
3223
3203
3188
3179
3168
3149
3121
3083
3046
3015
2995
2986
2986
2988
2984
2974
2955
2938
2929
2935
2959
2991
3026
3047
3052
3043
3029
3025
3038
3073
3116
3163
3212
3257
3315
3395
3495
3617
3742
3864
3969
4062
4095
4095
4095
4095
4095
4095
4095
4095
4095
4095
4095
4095
4095
4095
4095
4095
4095
4095
4095
3972
3712
3426
3114
2790
2469
2178
1933
1743
1600
1491
1392
1292
1186
1079
986
921
889
896
934
1002
1087
1190
1314
1455
1615
1785
1961
2138
2309
2478
2644
2816
3003
3217
3481
3803
4095
4095
4095
4095
4095
4095
4095
4095
4095
4095
4095
4095
4095
4095
4095
4095
4095
4095
4095
4095
4095
4065
3628
3187
2785
2439
2141
1883
1646
1434
1253
1112
1022
982
985
1022
1078
1144
1215
1291
1365
1423
1452
1439
1377
1273
1141
1013
910
850
834
859
906
977
1064
1168
1303
1457
1625
1798
1971
2142
2298
2445
2561
2631
2623
2550
2378
2176
1947
1746
1579
1462
1381
1327
1302
1298
1337
1416
1546
1710
1926
2191
2532
2953
3460
4014
4095
4095
4095
4095
4095
4095
4095
4095
4095
4095
4095
4095
4002
3582
3167
2781
2434
2130
1873
1673
1543
1487
1506
1590
1727
1904
2116
2377
2678
3019
3373
3729
4038
4095
4095
4095
4095
4095
4095
4095
4095
4095
4095
4095
4095
3971
3788
3599
3417
3252
3128
3047
2985
2951
2902
2855
2793
2736
2708
2706
2760
2846
2970
3114
3251
3383
3486
3578
3659
3744
3853
3989
4095
4095
4095
4095
4095
4095
4095
4095
4095
4095
4095
4095
4095
4095
4095
3788
3363
2983
2685
2489
2393
2393
2475
2621
2828
3071
3351
3618
3850
3994
4051
4057
4039
4095
4095
4095
4095
4095
4095
4095
4095
4095
4095
4095
4095
4095
4095
4095
4095
4095
3958
3584
3256
2956
2708
2492
2318
2180
2087
2036
2049
2103
2212
2346
2469
2595
2681
2754
2821
2894
2980
3069
3112
3120
3057
2959
2832
2687
2534
2359
2159
1937
1698
1490
1298
1168
1053
974
902
854
827
824
837
850
826
803
759
769
817
928
1087
1227
1359
1431
1469
1483
1469
1462
1429
1411
1417
1467
1600
1794
2037
2300
2520
2711
2865
3003
3163
3325
3486
3610
3641
3601
3472
3336
3190
3101
3033
2996
2929
2839
2698
2543
2384
2242
2116
1991
1863
1721
1599
1499
1459
1482
1541
1640
1740
1864
2003
2161
2346
2497
2616
2645
2590
2477
2327
2196
2085
2022
1981
1968
1979
2011
2068
2137
2213
2276
2340
2396
2488
2604
2763
2938
3106
3243
3335
3398
3423
3438
3435
3429
3403
3379
3356
3348
3357
3367
3378
3361
3330
3278
3232
3198
3176
3165
3142
3114
3073
3041
3017
3020
3035
3065
3097
3141
3184
3241
3305
3374
3444
3513
3579
3641
3686
3707
3686
3634
3549
3464
3377
3303
3233
3139
3024
2858
2684
2495
2333
2209
2120
2074
2057
2082
2137
2229
2345
2462
2567
2647
2714
2764
2839
2935
3057
3189
3317
3418
3493
3540
3581
3605
3637
3659
3676
3684
3668
3660
3623
3599
3564
3526
3489
3440
3394
3344
3298
3268
3242
3243
3247
3271
3283
3301
3302
3291
3270
3234
3204
3173
3153
3155
3159
3174
3183
3180
3153
3114
3060
3015
2981
2978
2994
3030
3071
3111
3133
3131
3112
3071
3031
2997
2989
2998
3031
3054
3075
3064
3030
2986
2933
2905
2862
2837
2798
2746
2699
2649
2619
2591
2578
2547
2509
2453
2406
2364
2347
2349
2375
2402
2441
2485
2525
2573
2602
2620
2628
2631
2664
2723
2831
2981
3149
3324
3476
3610
3715
3806
3889
3970
4054
4095
4095
4095
4095
4095
4095
4095
4021
3919
3832
3744
3657
3562
3443
3314
3185
3064
2960
2877
2797
2719
2642
2560
2499
2460
2449
2454
2462
2467
2466
2464
2483
2520
2580
2648
2706
2747
2773
2793
2833
2887
2974
3058
3146
3197
3236
3255
3285
3329
3396
3465
3530
3561
3565
3559
3542
3552
3570
3598
3624
3628
3621
3604
3598
3608
3642
3675
3715
3730
3731
3723
3701
3692
3691
3698
3718
3745
3762
3777
3760
3736
3683
3637
3602
3590
3608
3635
3660
3662
3635
3592
3535
3490
3460
3451
3460
3469
3488
3487
3485
3459
3431
3399
3372
3366
3374
3407
3442
3474
3488
3478
3455
3416
3380
3347
3327
3317
3323
3331
3359
3384
3412
3427
3420
3389
3337
3270
3207
3155
3128
3128
3133
3154
3160
3146
3105
3042
2961
2880
2817
2780
2765
2770
2770
2741
2680
2595
2484
2386
2306
2247
2199
2154
2099
2035
1972
1925
1894
1880
1879
1870
1858
1843
1834
1848
1894
1963
2055
2144
2226
2279
2328
2369
2413
2482
2558
2641
2716
2774
2821
2855
2902
2960
3029
3096
3150
3174
3172
3160
3155
3177
== FIN EXPORT ==
