0
0
10
36
52
47
23
0
0
17
60
90
78
27
0
0
0
88
166
153
23
0
0
0
379
1132
1995
2753
3236
3395
3310
3134
3001
2983
3052
3140
3176
3146
3075
3014
2998
3022
3059
3078
3066
3038
3013
3014
3040
3078
3113
3135
3121
3127
3132
3137
3138
3139
3136
3129
3120
3113
3106
3100
3094
3089
3080
3078
3074
3081
3091
3109
3127
3142
3151
3151
3145
3135
3122
3113
3107
3105
3111
3122
3138
3156
3171
3183
3187
3186
3179
3170
3162
3152
3143
3132
3121
3110
3117
3095
3119
3114
3129
3141
3145
3143
3140
3123
3118
3114
3112
3126
3125
3131
3126
3139
3155
3174
3192
3195
3192
3183
3200
3246
3310
3378
3418
3404
3348
3258
3170
3099
3047
2985
2962
2903
2860
2842
2852
2911
2987
3068
3118
3138
3136
3115
3114
3115
3130
3121
3114
3053
3043
3023
3059
3081
3205
3213
3286
3281
3235
3261
3229
3270
3272
3265
3169
3077
2977
2906
2878
2885
2880
2840
2734
2640
2507
2488
2528
2669
2886
3109
3332
3482
3529
3486
3365
3237
3113
3103
3215
3417
3688
3936
4072
4071
3884
3570
3189
2837
2628
2589
2749
3011
3309
3517
3602
3507
3432
3230
3160
3108
3057
3096
3030
2996
2935
2918
2894
2933
2978
3017
3036
3039
3057
3070
3086
3138
3152
3208
3229
3248
3249
3202
3166
3122
3081
3082
3048
3061
3012
2980
2959
2943
2970
3023
3076
3131
3150
3155
3131
3091
3050
3011
2983
2960
2962
2973
2992
3011
3012
2988
2937
2876
2833
2848
2925
3072
3248
3387
3455
3420
3333
3233
3205
3249
3371
3475
3532
3474
3361
3225
3138
3129
3170
3212
3203
3131
3005
2874
2780
2744
2725
2732
2704
2677
2651
2665
2710
2771
2837
2871
2898
2932
2987
3088
3200
3296
3360
3385
3379
3385
3394
3436
3464
3482
3473
3423
3362
3290
3238
3178
3147
3096
3065
3016
2988
2973
2964
2969
2981
2977
2981
2986
3002
3037
3079
3138
3172
3202
3206
3203
3206
3219
3242
3277
3303
3313
3313
3298
3277
3253
3239
3212
3184
3154
3113
3081
3053
3028
3014
3010
3010
3022
3028
3045
3044
3071
3076
3072
3111
3120
3155
3192
3217
3234
3229
3225
3216
3207
3216
3224
3208
3199
3161
3126
3107
3112
3129
3175
3201
3241
3261
3296
3365
3450
3559
3669
3744
3773
3742
3655
3523
3339
3132
2898
2649
2410
2200
2030
1910
1841
1822
1850
1929
2070
2270
2522
2808
3132
3428
3687
3943
4095
4095
4095
4095
4095
4095
3991
3804
3595
3390
3192
2989
2833
2692
2594
2537
2528
2550
2615
2691
2798
2897
3004
3121
3229
3332
3432
3503
3556
3577
3578
3562
3527
3486
3441
3377
3309
3234
3151
3072
3002
2951
2917
2901
2905
2922
2947
2986
3030
3081
3135
3191
3242
3287
3321
3347
3359
3360
3351
3332
3302
3268
3230
3192
3156
3125
3099
3078
3064
3059
3061
3073
3094
3120
3149
3181
3211
3238
3262
3277
3286
3280
3267
3245
3219
3191
3167
3141
3117
3093
3071
3053
3042
3039
3041
3047
3053
3058
3062
3064
3071
3080
3091
3108
3131
3159
3194
3237
3283
3327
3365
3393
3409
3418
3424
3413
3405
3372
3324
3263
3189
3118
3053
2997
2952
2909
2872
2859
2864
2903
2973
3057
3130
3199
3266
3303
3384
3481
3589
3707
3799
3839
3838
3775
3694
3588
3457
3325
3170
2986
2794
2582
2355
2126
1896
1693
1537
1457
1485
1622
1845
2148
2485
2832
3176
3511
3828
4095
4095
4095
4095
4095
4095
4095
4059
3793
3503
3196
2897
2637
2423
2281
2213
2225
2293
2422
2609
2801
3041
3278
3489
3670
3805
3860
3885
3833
3740
3626
3479
3328
3189
3048
2921
2819
2725
2694
2693
2746
2842
2951
3055
3161
3246
3341
3432
3576
3689
3825
3934
3974
4019
4040
4066
4095
4095
4095
3983
3749
3462
3171
2874
2619
2351
2017
1615
1162
750
490
426
596
939
1348
1772
2179
2589
3036
3562
4095
4095
4095
4095
4095
4095
4095
4095
4095
3809
3304
2778
2294
1912
1662
1553
1579
1718
1948
2234
2614
2994
3404
3792
4080
4095
4095
4095
4095
4095
3935
3649
3323
3007
2729
2481
2309
2224
2188
2259
2393
2570
2813
3061
3297
3528
3701
3839
3940
3973
3962
3883
3724
3524
3298
3092
2960
2903
2930
3012
3175
3337
3532
3786
4038
4095
4095
4095
4095
4095
4095
4095
3753
3300
2851
2356
1859
1376
927
524
235
74
81
239
545
978
1501
2089
2739
3425
4083
4095
4095
4095
4095
4095
4095
4095
4095
4095
3746
3122
2529
2011
1615
1358
1283
1367
1587
1923
2344
2793
3297
3752
4095
4095
4095
4095
4095
4095
4095
3854
3545
3272
3051
2873
2819
2824
3011
3315
3663
4095
4095
4095
4095
4095
4095
4095
4095
4095
3929
3264
2564
1882
1220
708
338
68
0
0
44
266
562
951
1429
1972
2625
3371
4095
4095
4095
4095
4095
4095
4095
4095
4095
4095
3926
3213
2482
1820
1292
937
802
874
1130
1540
2073
2661
3314
3916
4095
4095
4095
4095
4095
4095
4095
4095
3778
3449
3209
3039
3020
3131
3274
3554
3866
4095
4095
4095
4095
4095
4095
4095
4095
4095
3658
3014
2255
1496
824
340
84
18
54
96
41
0
0
211
802
1747
2904
4059
4095
4095
4095
4095
4095
4095
4095
4095
4095
4095
3876
2907
1998
1270
772
524
504
692
1072
1627
2298
3037
3759
4095
4095
4095
4095
4095
4095
4095
4095
4095
4095
3861
3633
3484
3445
3549
3771
4095
4095
4095
4095
4095
4095
4095
4095
4095
4095
3686
2989
2200
1400
701
187
0
0
58
176
169
49
0
0
212
983
2122
3428
4095
4095
4095
4095
4095
4095
4095
4095
4095
4095
4095
3812
2786
1791
958
417
205
308
696
1270
1953
2674
3384
4050
4095
4095
4095
4095
4095
4095
4095
4095
4095
4095
3971
3754
3612
3585
3676
3896
4095
4095
4095
4095
4095
4095
4095
4095
4095
3868
3212
2481
1741
1068
544
184
10
0
4
95
131
132
168
306
680
1365
2325
3464
4095
4095
4095
4095
4095
4095
4095
4095
4095
4095
4095
4015
3061
2147
1385
858
604
593
795
1181
1699
2328
3013
3724
4095
4095
4095
4095
4095
4095
4095
4095
4095
4095
4095
4095
4068
3886
3805
3789
3893
4027
4095
4095
4095
4095
4088
3945
3736
3437
3019
2505
1932
1347
845
461
177
52
5
6
56
95
140
243
439
826
1460
2318
3331
4095
4095
4095
4095
4095
4095
4095
4095
4095
4095
4095
4095
3387
2566
1892
1433
1193
1157
1273
1519
1896
2378
2922
3534
4095
4095
4095
4095
4095
4095
4095
4095
4095
4095
4095
4095
3964
3742
3579
3457
3382
3338
3375
3386
3418
3443
3389
3285
3077
2825
2537
2218
1888
1570
1260
992
788
677
659
695
746
798
842
903
1031
1272
1630
2074
2539
2976
3328
3600
3819
4002
4095
4095
4095
4095
4095
4095
4095
4095
4044
3841
3629
3430
3263
3135
3069
3060
3095
3188
3286
3374
3494
3534
3593
3650
3653
3694
3684
3680
3706
3706
3683
3668
3651
3629
3661
3753
3878
4009
4086
4079
4012
3916
3880
4007
4095
4095
4095
4095
4095
4095
3822
3398
3068
2805
2596
2396
2169
1950
1774
1626
1528
1441
1311
1163
1031
943
957
1074
1252
1458
1662
1845
2040
2286
2618
2988
3398
3806
4095
4095
4095
4095
4095
4095
4095
4095
4095
4095
4095
3787
3506
3265
3070
2905
2762
2673
2585
2541
2550
2600
2693
2819
2958
3107
3281
3439
3606
3785
3966
4095
4095
4095
4095
4095
4095
4095
4095
4031
3867
3677
3465
3216
2941
2680
2460
2273
2162
2075
2016
1939
1853
1727
1586
1434
1273
1110
969
855
796
817
922
1109
1368
1663
1988
2339
2718
3123
3556
3983
4095
4095
4095
4095
4095
4095
4095
4095
4095
4095
4014
3704
3432
3189
2988
2824
2695
2606
2537
2521
2535
2576
2670
2788
2910
3070
3241
3408
3585
3768
3930
4095
4095
4095
4095
4095
4095
4095
4095
4095
4095
4095
4044
3833
3616
3365
3117
2902
2665
2459
2277
2105
1958
1835
1683
1521
1351
1148
948
790
677
650
712
849
1059
1337
1653
2019
2422
2859
3317
3767
4095
4095
4095
4095
4095
4095
4095
4095
4095
4095
4095
4031
3717
3437
3203
3012
2859
2735
2666
2603
2581
2598
2629
2697
2783
2878
2984
3146
3297
3484
3694
3899
4095
4095
4095
4095
4095
4095
4095
4095
4095
4095
4095
4095
3877
3622
3328
3055
2789
2517
2289
2077
1890
1732
1604
1459
1317
1173
1015
882
807
797
878
1053
1283
1549
1833
2115
2406
2711
3050
3410
3777
4095
4095
4095
4095
4095
4095
4095
4095
4095
4095
4095
3859
3581
3319
3090
2913
2761
2663
2595
2527
2525
2542
2589
2694
2818
2940
3103
3264
3401
3574
3720
3859
3992
4095
4095
4095
4095
4095
4095
4095
4095
4095
4095
3988
3774
3558
3321
3115
2898
2663
2440
2216
2015
1849
1714
1578
1438
1287
1113
964
876
873
956
1125
1351
1602
1876
2149
2441
2759
3079
3398
3705
4010
4095
4095
4095
4095
4095
4095
4095
4095
4095
4095
3728
3309
2948
2662
2446
2288
2224
2222
2263
2406
2562
2763
2992
3223
3449
3692
3919
4095
4095
4095
4095
4095
4095
4095
4095
4095
4095
4095
4003
3920
3787
3650
3533
3454
3367
3278
3147
2983
2782
2537
2278
2007
1696
1330
954
587
271
85
43
137
343
625
967
1392
1910
2528
3221
3940
4095
4095
4095
4095
4095
4095
4095
4095
4095
4095
3850
3263
2715
2283
1990
1828
1806
1906
2107
2369
2702
3041
3349
3682
3951
4095
4095
4095
4095
4095
4095
4095
4095
4048
3931
3859
3814
3843
3909
3966
4087
4095
4095
4095
4095
3980
3815
3600
3333
3017
2653
2253
1788
1286
803
394
113
0
0
107
248
386
573
857
1293
1939
2745
3600
4095
4095
4095
4095
4095
4095
4095
4095
4095
4095
4095
3600
2886
2276
1818
1518
1381
1397
1549
1840
2219
2703
3203
3634
4064
4095
4095
4095
4095
4095
4095
4095
4095
4095
4021
3913
3831
3801
3815
3925
4028
4082
4095
4095
4095
4095
4095
4095
3883
3588
3229
2832
2437
2073
1679
1269
867
493
208
49
47
128
274
444
652
954
1405
2023
2773
3557
4095
4095
4095
4095
4095
4095
4095
4095
4095
4095
4095
4004
3384
2832
2378
2048
1833
1730
1750
1888
2109
2451
2818
3158
3544
3849
4082
4095
4095
4095
4095
4095
4095
4095
4095
4095
4079
4006
3966
3936
3941
3966
3963
3994
3997
3972
3925
3851
3717
3538
3334
3083
2815
2533
2257
1990
1745
1521
1312
1102
877
672
500
423
485
700
1046
1475
1920
2336
2722
3094
3488
3915
4095
4095
4095
4095
4095
4095
4095
4095
4095
4020
3658
3289
2956
2690
2523
2459
2474
2535
2652
2783
2896
3074
3232
3379
3509
3605
3647
3652
3640
3605
3578
3547
3536
3541
3555
3573
3606
3636
3670
3718
3759
3792
3806
3798
3763
3698
3621
3527
3426
3315
3198
3071
2949
2831
2731
2657
2602
2562
2532
2497
2444
2386
2311
2230
2153
2084
2031
2002
2005
2043
2118
2222
2355
2507
2671
2852
3046
3253
3465
3676
3857
4003
4095
4095
4095
4095
4095
4023
3927
3815
3699
3592
3496
3413
3339
3273
3204
3135
3078
3030
2997
2976
2961
2954
2961
2978
3014
3065
3120
3178
3237
3300
3364
3435
3504
3565
3612
3648
3672
3689
3705
3714
3707
3680
3632
3566
3494
3425
3358
3293
3213
3123
3018
2914
2824
2761
2729
2721
2729
2745
2761
2780
2803
2836
2873
2913
2951
2976
2993
3002
3004
3010
3024
3045
3076
3117
3163
3213
3266
3316
3364
3405
3434
3452
3453
3435
3399
3348
3283
3210
3131
3050
2972
2901
2845
2805
2787
2791
2815
2853
2902
2954
3007
3064
3122
3183
3246
3309
3368
3417
3454
3478
3487
3486
3472
3452
3421
3380
3328
3266
3195
3119
3044
2972
2909
2855
2812
2781
2764
2763
2778
2807
2848
2895
2941
2982
3014
3037
3051
3061
3067
3074
3079
3084
3090
3095
3103
3114
3130
3151
3176
3203
3230
3255
3278
3299
3314
3322
3320
3305
3275
3230
3174
3112
3050
2993
2947
2912
2889
2877
2875
2881
2897
2920
2950
2987
3029
3075
3121
3167
3208
3245
3276
3303
3326
3346
3362
3372
3374
3365
3344
3310
3263
3206
3141
3071
2999
2931
2871
2826
2798
2790
2802
2830
2869
2914
2962
3008
3052
3091
3123
3146
3157
3158
3148
3132
3112
3094
3080
3071
3071
3079
3097
3123
3156
3191
3224
3251
3267
3271
3262
3244
3216
3184
3149
3115
3085
3060
3042
3029
3022
3017
3016
3017
3023
3034
3049
3067
3087
3108
3130
3153
3182
3214
3249
3284
3315
3338
3352
3357
3355
3345
3328
3303
3270
3225
3187
3156
3124
3084
3049
3022
3012
3010
3015
3021
3022
3012
2999
2999
3021
3055
3081
3080
3049
3008
2992
3036
3148
3305
3457
3546
3556
3489
3379
3270
3199
3180
3194
3209
3202
3170
3122
3078
3052
3050
3067
3091
3106
3105
3089
3075
3077
3103
3151
3206
3244
3239
3200
3137
3064
3002
2975
2979
2998
3009
3008
3004
3006
3018
3038
3066
3094
3115
3125
3127
3128
3131
3133
3133
3129
3123
3116
3103
3099
3098
3095
3089
3082
3076
3069
3058
3043
3032
3024
3016
3006
2996
2987
2986
2990
3000
3013
3034
3058
3086
3117
3150
3178
3200
3213
3220
3219
3215
3209
3203
3195
3183
3165
3144
3120
3100
3083
3072
3066
3062
3060
3058
3055
3053
3054
3059
3067
3078
3091
3105
3120
3136
3153
3170
3188
3205
3218
3228
3232
3232
3229
3224
3217
3210
3200
3188
3177
3165
3155
3145
3136
3126
3117
3109
3101
3095
3091
3086
3080
3070
3060
3051
3047
3048
3056
3068
3083
3098
3114
3129
3145
3162
3180
3197
3211
3224
3234
3242
3246
3246
3239
3225
3206
3185
3163
3145
3131
3120
3110
3099
3087
3076
3068
3063
3063
3066
3071
3077
3085
3094
3108
3124
3142
3160
3175
3188
3197
3204
3209
3210
3207
3200
3190
3177
3165
3153
3143
3133
3122
3109
3095
3084
3077
3078
3086
3097
3108
3116
3119
3116
3110
3104
3099
3094
3090
3086
3083
3080
3081
3084
3089
3097
3106
3115
3125
3136
3146
3155
3162
3164
3163
3159
3154
3149
3145
3142
3139
3137
3133
3128
3121
3111
3098
3082
3066
3053
3043
3039
3042
3050
3061
3075
3092
3109
3127
3145
3161
3174
3183
3186
3183
3176
3165
3152
3137
3123
3111
3100
3092
3087
3085
3086
3090
3096
3103
3109
3112
3112
3108
3099
3086
3073
3061
3054
3052
3056
3063
3071
3077
3080
3079
3077
3076
3078
3083
3090
3096
3102
3104
3107
3113
3123
3136
3151
3164
3171
3173
3171
3168
3166
3164
3160
3151
3137
3118
3097
3078
3064
3056
3054
3053
3053
3054
3054
3058
3064
3074
3087
3099
3110
3119
3128
3136
3146
3156
3166
3172
3173
3171
3166
3160
3157
3155
3154
3152
3148
3142
3134
3124
3116
3107
3100
3094
3088
3084
3081
3078
3075
3073
3072
3073
3078
3085
3094
3104
3113
3120
3124
3128
3132
3137
3142
3148
3153
3161
3164
3168
3186
3186
3186
3181
3170
3161
3158
3156
3160
3155
3147
3133
3119
3113
3114
3116
3115
3108
3101
3106
3134
3189
3254
3314
3341
3333
3283
3224
3169
3136
3128
3134
3139
3141
3138
3148
3162
3185
3209
3219
3222
3218
3215
3218
3222
3215
3197
3154
3154
3152
3166
3172
3207
3188
3200
3191
3202
3187
3223
3231
3293
3320
3356
3370
3372
3364
3338
3316
3313
3346
3418
3524
3606
3694
3698
3697
3643
3628
3581
3601
3554
3535
3512
3474
3463
3407
3368
3308
3256
3199
3169
3160
3166
3189
3194
3206
3227
3245
3260
3218
3180
3064
2999
2953
3045
3124
3247
3246
3181
3004
2859
2743
2769
2815
2883
2897
2851
2788
2730
2751
2828
2929
2995
2996
2926
2887
2870
2951
3042
3156
3175
3194
3109
3059
3037
3018
3051
3045
3064
3054
3047
3007
2961
2923
2904
2932
2987
3065
3140
3169
3155
3102
3040
2958
2916
2847
2822
2780
2783
2793
2843
2885
2918
2934
2950
2940
2922
2906
2888
2879
2865
2856
2848
2829
2796
2731
2670
2652
2714
2843
3000
3111
3130
3068
2956
2892
2902
2986
3079
3085
2975
2776
2568
2464
2490
2611
2767
2858
2873
2839
2819
2850
2935
3018
3037
2965
2817
2658
2566
2565
2663
2802
2933
3021
3060
3060
3061
3078
3146
3271
3428
3570
3660
3653
3574
3447
3333
3273
3281
3344
3411
3443
3418
3362
3301
3283
3289
3325
3338
3343
3332
3323
3317
3309
3269
3211
3123
3034
2982
2974
3001
3038
3046
3013
2962
2908
2891
2907
2936
2941
2899
2804
2712
2640
2621
2655
2716
2779
2834
2866
2902
2944
2963
2942
2866
2758
2666
2657
2750
2940
3143
3297
3347
3321
3261
3249
3289
3359
3392
3350
3247
3179
3243
3480
3825
4095
4095
4046
3626
3129
2734
2554
2562
2645
2658
2548
2353
2197
2191
2364
2638
2882
2984
2918
2744
2567
2465
2451
2481
2505
2470
2380
2290
2247
2259
2308
2356
2391
2431
2488
2583
2693
2784
2793
2709
2577
2456
2423
2485
2589
2638
2553
2312
2010
1788
1783
2036
2454
2844
3008
2853
2445
2004
1791
1991
2596
3399
4095
4095
4095
3739
3125
2695
2630
2908
3355
3731
3888
3804
3603
3462
3512
3747
4048
4095
4095
4024
3697
3431
3349
3489
3745
3987
4082
4025
3863
3735
3738
3883
4095
4095
4095
4095
4095
3928
3830
3804
3822
3809
3737
3613
3489
3401
3362
3331
3265
3131
2948
2772
2674
2672
2738
2795
2779
2668
2498
2336
2251
2245
2275
2277
2220
2107
2014
2008
2133
2355
2592
2754
2794
2725
2621
2546
2547
2599
2656
2669
2621
2547
2488
2468
2476
2477
2441
2358
2284
2278
2392
2618
2904
3157
3307
3322
3225
3065
2902
2760
2663
2604
2591
2627
2727
2873
3026
3145
3200
3188
3138
3095
3103
3158
3237
3303
3343
3346
3349
3371
3432
3516
3591
3633
3626
3583
3540
3520
3541
3593
3659
3716
3756
3786
3816
3845
3870
3871
3839
3759
3649
3537
3456
3422
3439
3483
3520
3521
3475
3389
3282
3180
3104
3048
3012
2983
2969
2978
3026
3119
3252
3388
3500
3560
3572
3546
3523
3534
3586
3669
3753
3803
3797
3741
3654
3572
3526
3532
3606
3731
3884
4032
4095
4095
4095
4058
3938
3833
3785
3807
3875
3962
4024
4041
4013
3963
3922
3905
3917
3954
4004
4052
4085
4095
4092
4050
3980
3892
3806
3744
3723
3742
3786
3825
3838
3817
3767
3704
3645
3606
3589
3593
3612
3631
3641
3638
3613
3572
3523
3481
3459
3458
3472
3491
3503
3496
3472
3445
3422
3409
3408
3412
3410
3402
3385
3365
3344
3326
3311
3292
3267
3238
3209
3188
3180
3180
3183
3175
3147
3102
3055
3023
3027
3071
3136
3197
3223
3205
3144
3071
3012
2992
3014
3061
3109
3136
3131
3105
3067
3037
3024
3032
3057
3091
3128
3162
3190
3208
3220
3224
3222
3215
3205
3190
3178
3170
3170
3180
3198
3217
3231
3240
3246
3251
3257
3263
3259
3239
3199
3140
3072
3008
2957
2917
2884
2840
2781
2704
2624
2552
2505
2484
2480
2479
2463
2426
2368
2303
2242
2191
2149
2107
2058
2006
1972
1984
2071
2242
2499
2807
3137
3452
3730
3965
4095
4095
4095
4095
4095
4095
4095
4095
4095
4095
4095
3968
3817
3721
3662
3612
3533
3448
3337
3226
3089
2939
2734
2503
2263
2047
1873
1715
1541
1299
1008
703
464
325
274
234
131
0
0
0
248
1056
2170
3355
4095
4095
4095
4095
4095
4095
4095
4095
4095
4095
4095
3444
2761
2313
2145
2217
2427
2686
2947
3216
3517
3870
4095
4095
4095
4095
4095
4095
4095
3932
3653
3495
3451
3503
3625
3760
3946
4095
4095
4095
4095
4095
4095
4095
4095
3684
3102
2399
1638
913
360
59
12
111
208
174
0
0
0
197
1022
2179
3437
4095
4095
4095
4095
4095
4095
4095
4095
4095
4095
4095
3447
2937
2665
2633
2773
3004
3261
3517
3772
4026
4095
4095
4095
4095
4095
3857
3507
3205
2983
2909
2967
3160
3440
3801
4095
4095
4095
4095
4095
4095
4095
4095
4095
4095
4095
3843
3237
2608
1934
1267
668
221
0
0
63
176
201
87
0
0
24
576
1459
2530
3581
4095
4095
4095
4095
4095
4095
4095
4095
4095
3923
3458
3088
2847
2720
2685
2718
2809
2965
3175
3396
3560
3598
3472
3193
2825
2484
2213
2067
2034
2111
2282
2558
2954
3445
4026
4095
4095
4095
4095
4095
4095
4095
4095
4095
4095
3944
3402
2880
2382
1902
1445
1000
611
302
112
39
56
97
110
80
37
63
258
688
1370
2246
3214
4095
4095
4095
4095
4095
4095
4095
4095
4095
4095
4095
4095
3935
3674
3501
3422
3430
3519
3671
3857
4027
4095
4093
3915
3624
3274
2966
2741
2655
2697
2858
3110
3456
3878
4095
4095
4095
4095
4095
4095
4095
4095
4095
4095
4095
4095
4095
3808
3271
2768
2310
1882
1492
1133
833
592
413
298
218
159
111
74
73
134
306
621
1104
1754
2519
3327
4082
4095
4095
4095
4095
4095
4095
4095
4095
4095
4095
4095
4095
4068
3770
3526
3339
3210
3139
3113
3120
3133
3147
3162
3167
3201
3242
3326
3421
3539
3652
3765
3891
4021
4095
4095
4095
4095
4095
4095
4095
4095
4095
4095
4095
4095
4095
4095
4095
3908
3591
3263
2923
2583
2261
1979
1736
1541
1377
1223
1063
890
713
551
437
392
428
549
745
1006
1324
1691
2105
2552
3020
3493
3946
4095
4095
4095
4095
4095
4095
4095
4095
4095
4095
4095
4095
4095
4044
3873
3716
3568
3433
3299
3181
3088
3021
2987
2991
3028
3089
3176
3283
3407
3557
3735
3935
4095
4095
4095
4095
4095
4095
4095
4095
4095
4095
4087
3785
3429
3038
2645
2277
1940
1640
1370
1108
851
613
401
233
128
89
113
207
371
607
921
1307
1753
2241
2755
3273
3771
4095
4095
4095
4095
4095
4095
4095
4095
4095
4095
4095
4095
4095
3935
3740
3553
3372
3208
3066
2958
2895
2867
2870
2899
2942
2997
3074
3176
3306
3466
3656
3855
4056
4095
4095
4095
4095
4095
4095
4095
4095
4095
3879
3579
3246
2889
2532
2191
1870
1585
1331
1094
871
663
464
295
176
119
143
254
443
700
1015
1373
1771
2209
2682
3181
3690
4095
4095
4095
4095
4095
4095
4095
4095
4095
4095
4095
4095
4090
3884
3694
3530
3389
3283
3202
3153
3141
3155
3192
3251
3320
3389
3467
3551
3640
3742
3859
3977
4094
4095
4095
4095
4095
4095
4095
4082
3923
3725
3494
3226
2924
2605
2288
1984
1706
1454
1217
993
781
590
438
347
332
397
539
746
1007
1309
1645
2009
2397
2802
3216
3627
4021
4095
4095
4095
4095
4095
4095
4095
4095
4095
4095
4095
4095
3958
3766
3575
3396
3249
3140
3076
3062
3089
3142
3219
3308
3406
3518
3647
3782
3920
4051
4095
4095
4095
4095
4095
4083
3959
3820
3676
3518
3345
3152
2926
2673
2410
2145
1895
1667
1454
1247
1039
831
642
499
426
442
550
741
1002
1314
1662
2043
2447
2865
3282
3680
4038
4095
4095
4095
4095
4095
4095
4095
4095
4095
4095
4095
4057
3885
3716
3555
3407
3287
3202
3146
3124
3135
3166
3221
3301
3396
3511
3644
3777
3901
4011
4091
4095
4095
4095
4095
4091
3988
3853
3696
3522
3343
3162
2969
2763
2545
2311
2075
1841
1612
1390
1175
969
792
662
603
630
748
952
1228
1557
1928
2326
2738
3156
3555
3922
4095
4095
4095
4095
4095
4095
4095
4095
4095
4095
4095
3993
3828
3670
3528
3402
3293
3201
3128
3063
3016
2987
2986
3023
3104
3216
3350
3489
3616
3722
3820
3916
4013
4095
4095
4095
4095
4034
3869
3669
3452
3219
2977
2720
2460
2203
1962
1739
1535
1334
1132
935
764
646
607
663
810
1038
1323
1654
2018
2403
2814
3227
3634
4014
4095
4095
4095
4095
4095
4095
4095
4095
4095
4095
4051
3816
3616
3456
3341
3253
3182
3118
3057
3001
2965
2955
2979
3038
3121
3218
3327
3432
3538
3632
3722
3796
3852
3889
3904
3895
3862
3808
3728
3617
3469
3277
3040
2770
2487
2210
1954
1725
1514
1312
1114
927
775
692
699
814
1024
1314
1655
2026
2408
2792
3170
3534
3873
4095
4095
4095
4095
4095
4095
4095
4095
4095
4095
4095
3903
3706
3543
3409
3304
3211
3136
3070
3014
2981
2963
2971
2997
3044
3107
3179
3252
3327
3399
3456
3507
3548
3569
3585
3587
3577
3555
3508
3432
3316
3150
2949
2724
2482
2248
2019
1789
1559
1324
1097
906
779
742
813
982
1238
1556
1914
2301
2700
3100
3488
3848
4095
4095
4095
4095
4095
4095
4095
4095
4095
4095
4095
3947
3785
3665
3577
3505
3442
3378
3304
3224
3153
3084
3038
3014
3010
3026
3056
3089
3135
3180
3225
3299
3356
3425
3491
3535
3568
3569
3538
3464
3348
3188
3012
2806
2603
2391
2160
1919
1656
1392
1158
987
912
945
1080
1295
1571
1881
2221
2582
2959
3348
3729
4092
4095
4095
4095
4095
4095
4095
4095
4095
4095
4095
4003
3818
3671
3565
3499
3451
3426
3397
3365
3338
3297
3261
3232
3202
3188
3174
3164
3161
3173
3183
3231
3270
3328
3398
3451
3514
3547
3561
3540
3478
3377
3235
3055
2846
2614
2356
2093
1825
1575
1363
1207
1122
1109
1175
1307
1504
1763
2079
2443
2842
3260
3662
4031
4095
4095
4095
4095
4095
4095
4095
4095
4095
4095
4007
3815
3648
3517
3417
3341
3292
3261
3229
3221
3204
3190
3182
3161
3144
3115
3090
3069
3056
3056
3075
3099
3136
3186
3227
3282
3317
3344
3340
3301
3229
3114
2977
2814
2635
2441
2237
2022
1813
1623
1472
1378
1352
1401
1513
1691
1917
2186
2491
2822
3168
3508
3828
4095
4095
4095
4095
4095
4095
4095
4095
4095
4095
3957
3813
3693
3594
3515
3452
3398
3352
3307
3271
3233
3195
3165
3122
3083
3031
2980
2927
2881
2854
2839
2850
2877
2919
2968
3023
3068
3102
3119
3114
3089
3037
2968
2871
2754
2623
2474
2331
2198
2093
2022
1992
2006
2060
2160
2296
2469
2672
2896
3132
3369
3592
3794
3967
4095
4095
4095
4095
4095
4095
4031
3936
3839
3744
3657
3576
3503
3439
3380
3327
3275
3229
3180
3131
3077
3015
2954
2890
2834
2789
2758
2737
2723
2714
2706
2709
2727
2767
2821
2885
2943
2982
3000
2992
2968
2927
2882
2827
2770
2710
2656
2613
2591
2591
2614
2665
2736
2829
2943
3066
3202
3337
3468
3590
3703
3799
3873
3920
3931
3909
3861
3797
3727
3660
3593
3523
3450
3370
3295
3228
3174
3135
3099
3064
3020
2969
2909
2851
2799
2754
2719
2690
2671
2657
2651
2651
2661
2677
2703
2735
2772
2809
2843
2868
2889
2905
2920
2936
2952
2972
2996
3021
3053
3089
3131
3177
3225
3275
3321
3368
3409
3445
3471
3488
3496
3493
3481
3462
3434
3401
3361
3324
3287
3259
3238
3219
3203
3184
3163
3141
3123
3114
3114
3124
3140
3159
3177
3190
3196
3197
3192
3186
3178
3169
3158
3146
3131
3113
3094
3075
3056
3042
3031
3026
3027
3033
3040
3046
3047
3042
3035
3029
3029
3039
3057
3082
3109
3136
3159
3180
3199
3218
3234
3247
3255
3256
3255
3249
3242
3230
3215
3194
3169
3147
3129
3118
3112
3109
3105
3101
3099
3099
3101
3104
3105
3101
3097
3098
3107
3128
3156
3186
3212
3232
3246
3256
3263
3267
3265
3254
3238
3218
3201
3189
3184
3181
3180
3175
3167
3156
3144
3132
3122
3116
3114
3117
3122
3125
3125
3121
3116
3115
3121
3131
3144
3156
3165
3171
3176
3183
3191
3194
3193
3184
3174
3166
3165
3168
3173
3174
3171
3164
3156
3152
3153
3156
3159
3161
3162
3163
3166
3171
3177
3182
3186
3191
3196
3202
3207
3208
3205
3197
3187
3174
3162
3150
3136
3121
3107
3096
3091
3091
3094
3097
3096
3089
3080
3070
3064
3064
3068
3075
3082
3087
3092
3098
3107
3121
3139
3157
3174
3186
3195
3199
3202
3201
3198
3191
3181
3167
3152
3138
3128
3124
3124
3127
3130
3133
3134
3134
3134
3136
3138
3140
3142
3142
3140
3137
3134
3133
3134
3138
3142
3147
3150
3152
3152
3151
3148
3144
3139
3134
3130
3127
3125
3123
3118
3112
3104
3096
3089
3086
3087
3090
3094
3100
3108
3116
3125
3135
3145
3153
3160
3165
3170
3174
3179
3182
3182
3178
3170
3158
3147
3137
3130
3124
3120
3115
3109
3104
3099
3095
3095
3095
3097
3097
3097
3096
3094
3093
3095
3100
3109
3121
3135
3147
3157
3164
3166
3167
3166
3165
3164
3163
3160
3154
3147
3139
3130
3123
3116
3110
3103
3096
3087
3080
3076
3074
3077
3084
3093
3103
3111
3116
3120
3120
3118
3116
3113
3110
3107
3105
3103
3102
3102
3104
3105
3105
3104
3101
3096
3090
3086
3082
3079
3076
3071
3064
3055
3048
3043
3042
3045
3051
3061
3070
3080
3087
3092
3095
3096
3096
3095
3093
3090
3085
3079
3071
3064
3058
3056
3057
3058
3059
3058
3055
3051
3046
3042
3039
3039
3041
3044
3048
3053
3057
3060
3062
3063
3065
3067
3068
3067
3061
3053
3043
3036
3034
3037
3045
3054
3059
3060
3055
3049
3042
3038
3036
3034
3030
3024
3016
3008
3002
3002
3008
3018
3030
3042
3052
3059
3064
3067
3070
3072
3073
3073
3069
3065
3059
3056
3056
3058
3062
3066
3067
3066
3064
3064
3067
3073
3080
3087
3090
3090
3087
3082
3078
3076
3075
3075
3077
3080
3084
3090
3097
3105
3114
3122
3129
3133
3120
3147
3129
3142
3131
3115
3107
3086
3090
3090
3091
3087
3070
3059
3060
3078
3107
3136
3137
3114
3082
3070
3124
3247
3421
3595
3705
3716
3614
3441
3249
3108
3033
3022
3044
3052
3025
2956
2868
2793
2765
2795
2876
2980
3083
3151
3176
3159
3116
3072
3039
3022
2995
3004
2951
2960
2957
2973
3021
3047
3089
3112
3129
3137
3134
3112
3080
3029
2993
2984
2992
3011
3002
2963
2905
2881
2931
3100
3342
3598
3798
3854
3782
3635
3460
3343
3277
3280
3259
3212
3137
3034
2956
2895
2845
2785
2696
2609
2525
2494
2524
2590
2691
2777
2873
2976
3063
3191
3257
3254
3179
3043
2942
2923
3039
3265
3532
3736
3814
3722
3524
3291
3113
3045
3060
3146
3202
3220
3169
3080
2974
2871
2817
2769
2754
2754
2750
2774
2782
2840
2881
2939
3016
3074
3141
3187
3227
3265
3288
3318
3326
3324
3306
3273
3254
3245
3262
3296
3305
3314
3277
3222
3158
3093
3053
3019
3000
2985
2966
2950
2938
2935
2940
2954
2965
2977
2979
2985
2995
3011
3045
3082
3128
3175
3218
3258
3284
3301
3297
3290
3271
3249
3232
3205
3190
3170
3149
3127
3097
3066
3036
3003
2982
2969
2964
2972
2987
3017
3046
3082
3107
3135
3148
3158
3167
3171
3182
3193
3203
3211
3214
3210
3203
3191
3173
3155
3125
3098
3069
3045
3038
3035
3053
3068
3083
3093
3084
3074
3054
3045
3047
3060
3089
3112
3137
3147
3153
3157
3158
3167
3174
3183
3186
3184
3175
3162
3151
3135
3126
3116
3112
3112
3113
3119
3121
3121
3120
3113
3107
3103
3095
3091
3088
3084
3090
3094
3107
3120
3128
3137
3135
3138
3139
3142
3154
3161
3167
3167
3160
3148
3135
3123
3116
3111
3111
3110
3110
3111
3111
3117
3120
3127
3136
3140
3146
3152
3159
3167
3177
3183
3186
3187
3186
3187
3187
3189
3185
3171
3152
3130
3108
3095
3089
3085
3076
3054
3024
2984
2946
2919
2902
2896
2893
2894
2895
2899
2917
2947
2990
3041
3098
3154
3210
3267
3323
3376
3420
3451
3462
3454
3427
3394
3346
3300
3252
3196
3142
3086
3034
2991
2963
2951
2954
2972
3001
3040
3080
3125
3168
3208
3246
3277
3301
3314
3319
3315
3303
3285
3267
3245
3221
3198
3173
3147
3123
3105
3094
3089
3091
3094
3097
3100
3104
3112
3124
3141
3160
3179
3194
3207
3217
3224
3230
3233
3231
3225
3216
3206
3196
3188
3182
3175
3168
3161
3157
3158
3165
3177
3191
3201
3206
3204
3196
3185
3175
3164
3155
3146
3136
3124
3115
3109
3108
3111
3118
3126
3135
3142
3149
3153
3157
3160
3163
3167
3172
3179
3186
3194
3199
3202
3202
3202
3200
3198
3194
3186
3175
3160
3145
3131
3120
3114
3111
3111
3112
3113
3115
3118
3124
3130
3138
3146
3153
3158
3161
3161
3157
3152
3144
3134
3124
3114
3107
3102
3098
3097
3097
3097
3097
3099
3104
3110
3118
3125
3129
3130
3128
3126
3126
3129
3133
3136
3136
3133
3128
3122
3118
3117
3117
3114
3107
3097
3087
3080
3079
3084
3092
3103
3113
3117
3125
3135
3145
3160
3169
3172
3166
3154
3141
3134
3129
3128
3128
3120
3112
3104
3100
3105
3114
3125
3134
3139
3145
3157
3170
3186
3199
3200
3190
3170
3148
3127
3104
3079
3045
2999
2944
2889
2839
2796
2765
2736
2712
2691
2678
2676
2685
2703
2723
2744
2765
2782
2820
2875
2950
3048
3158
3272
3384
3491
3586
3675
3752
3819
3865
3896
3888
3860
3800
3724
3627
3520
3408
3286
3158
3027
2890
2753
2611
2468
2312
2143
1961
1784
1625
1510
1466
1504
1632
1844
2134
2477
2862
3259
3652
4007
4095
4095
4095
4095
4095
4095
4095
3925
3572
3192
2817
2481
2219
2052
1993
2040
2178
2392
2661
2963
3268
3569
3814
4009
4095
4095
4095
3978
3803
3585
3344
3100
2871
2688
2542
2475
2471
2519
2628
2781
2962
3158
3355
3526
3660
3737
3762
3739
3667
3560
3422
3249
3062
2879
2733
2652
2662
2763
2946
3180
3444
3712
3964
4095
4095
4095
4095
4095
4095
4095
4095
3942
3597
3220
2832
2456
2110
1792
1552
1384
1272
1227
1221
1214
1197
1189
1203
1303
1519
1862
2332
2845
3347
3791
4095
4095
4095
4095
4095
4095
4095
4095
4035
3641
3264
2917
2618
2391
2242
2166
2180
2272
2451
2701
2983
3280
3596
3847
4012
4095
4095
4054
3942
3807
3695
3623
3598
3612
3656
3686
3806
3922
4045
4095
4095
4095
4095
4095
4095
3969
3662
3313
2924
2444
1961
1472
983
599
320
116
2
0
3
172
496
1000
1720
2556
3436
4095
4095
4095
4095
4095
4095
4095
4095
4095
4095
3975
3201
2455
1837
1371
1080
984
1074
1336
1750
2268
2851
3430
4003
4095
4095
4095
4095
4095
4095
4095
3758
3388
3090
2884
2787
2766
2883
3107
3401
3804
4095
4095
4095
4095
4095
4095
4095
4095
4095
4095
3641
3063
2460
1878
1358
911
582
347
203
143
80
38
25
41
178
473
928
1550
2273
3026
3761
4095
4095
4095
4095
4095
4095
4095
4095
4095
4095
3888
3232
2608
2052
1619
1337
1240
1317
1559
1940
2400
2917
3417
3901
4095
4095
4095
4095
4095
4095
4095
4095
4095
3945
3763
3652
3611
3670
3804
4002
4095
4095
4095
4095
4095
4095
4095
4095
4095
3834
3377
2889
2379
1851
1341
853
455
199
60
54
97
110
79
5
0
144
551
1220
2097
3028
3897
4095
4095
4095
4095
4095
4095
4095
4095
4095
4095
4095
3410
2665
2018
1507
1163
1024
1088
1350
1786
2316
2889
3440
3927
4095
4095
4095
4095
4095
4095
4095
4095
4095
3935
3708
3577
3533
3587
3726
3904
4095
4095
4095
4095
4095
4095
4095
4095
4058
3629
3155
2654
2187
1713
1265
894
575
381
271
267
340
406
462
499
551
655
856
1165
1569
2014
2457
2873
3229
3544
3816
4052
4095
4095
4095
4095
4095
4095
4095
4095
3969
3649
3345
3095
2916
2800
2771
2798
2870
3023
3163
3324
3493
3575
3658
3703
3763
3793
3833
3861
3885
3877
3858
3872
3871
3888
3917
3947
3997
4078
4095
4095
4095
4095
4095
4095
4092
3799
3483
3201
2957
2762
2595
2407
2235
2051
1895
1778
1691
1629
1586
1521
1435
1343
1270
1239
1268
1361
1524
1734
1956
2229
2503
2785
3100
3426
3744
4060
4095
4095
4095
4095
4095
4095
4095
4095
4095
4095
3962
3760
3581
3426
3281
3149
3045
2957
2843
2773
2701
2671
2667
2715
2787
2895
3045
3202
3387
3581
3785
3969
4095
4095
4095
4095
4095
4095
4095
4095
4095
4057
3860
3644
3426
3199
2973
2744
2550
2386
2236
2114
1994
1883
1769
1686
1622
1572
1535
1469
1387
1306
1255
1244
1312
1438
1610
1809
2018
2243
2504
2808
3149
3522
3896
4095
4095
4095
4095
4095
4095
4095
4095
4095
4095
4091
3792
3486
3216
2956
2725
2546
2402
2280
2230
2205
2235
2314
2446
2603
2819
3061
3298
3552
3778
3997
4095
4095
4095
4095
4095
4095
4095
4095
4095
4095
4095
3853
3620
3378
3147
2912
2680
2427
2194
1987
1810
1701
1638
1615
1593
1590
1561
1540
1531
1528
1536
1564
1598
1632
1704
1797
1931
2103
2303
2518
2764
3031
3321
3640
3967
4095
4095
4095
4095
4095
4095
4095
4095
4095
4077
3777
3462
3167
2897
2657
2458
2321
2241
2213
2259
2340
2464
2609
2767
2934
3133
3346
3556
3767
3956
4095
4095
4095
4095
4095
4095
4095
4095
4095
4095
4095
4004
3813
3612
3395
3134
2856
2584
2340
2135
2009
1920
1861
1822
1794
1783
1803
1848
1898
1930
1920
1849
1741
1631
1561
1549
1612
1737
1904
2101
2324
2576
2869
3200
3561
3916
4095
4095
4095
4095
4095
4095
4095
4095
4095
3882
3585
3311
3078
2886
2747
2647
2582
2575
2591
2645
2732
2826
2924
3027
3118
3197
3299
3407
3522
3661
3804
3929
4050
4095
4095
4095
4095
4095
4095
4095
4095
4095
3992
3816
3598
3398
3184
2988
2827
2703
2603
2525
2469
2392
2332
2276
2235
2212
2195
2167
2113
2038
1937
1843
1776
1751
1782
1861
1983
2133
2308
2499
2708
2938
3184
3447
3706
3949
4095
4095
4095
4095
4095
4095
4095
3962
3761
3557
3351
3147
2959
2806
2698
2619
2588
2605
2626
2688
2748
2832
2927
3047
3175
3308
3444
3525
3585
3620
3655
3725
3844
4009
4095
4095
4095
4095
4095
4095
4095
3861
3587
3301
3044
2848
2701
2596
2514
2439
2355
2283
2234
2241
2317
2436
2571
2674
2696
2609
2403
2107
1766
1435
1163
1009
997
1121
1357
1702
2109
2555
3033
3539
4037
4095
4095
4095
4095
4095
4095
4095
4095
4095
3657
3110
2609
2195
1890
1713
1665
1731
1896
2154
2501
2893
3308
3731
4095
4095
4095
4095
4095
4095
4095
4095
4095
4080
3889
3707
3593
3482
3398
3378
3357
3359
3357
3376
3357
3311
3199
3039
2832
2544
2241
1907
1553
1186
843
523
261
92
30
111
328
685
1164
1740
2378
3046
3710
4095
4095
4095
4095
4095
4095
4095
4095
4095
4095
4095
3531
2950
2445
2050
1789
1680
1701
1841
2073
2354
2705
3045
3359
3675
3910
4085
4095
4095
4095
4095
4095
4016
3911
3783
3693
3637
3631
3666
3751
3850
3947
4038
4095
4095
4095
4095
4095
3984
3800
3577
3311
3036
2718
2408
2103
1799
1547
1335
1179
1041
921
783
644
532
495
587
815
1185
1637
2127
2608
3060
3480
3879
4095
4095
4095
4095
4095
4095
4095
4095
4095
4095
3918
3478
3049
2670
2375
2179
2086
2089
2170
2310
2522
2728
2968
3227
3440
3654
3822
3956
4037
4095
4095
4077
4050
3993
3959
3932
3922
3914
3925
3926
3915
3900
3878
3832
3781
3721
3624
3526
3403
3261
3101
2939
2747
2551
2363
2183
2024
1902
1802
1700
1603
1491
1378
1291
1265
1309
1435
1636
1874
2137
2412
2692
2983
3292
3609
3913
4095
4095
4095
4095
4095
4095
4095
4095
4095
3920
3681
3455
3262
3106
2995
2917
2862
2834
2836
2840
2877
2922
2952
2994
3027
3056
3096
3163
3226
3308
3396
3478
3564
3651
3747
3832
3918
3979
4013
4012
3987
3928
3841
3741
3615
3475
3333
3191
3056
2945
2851
2775
2720
2678
2654
2644
2647
2656
2671
2678
2678
2668
2649
2626
2604
2578
2555
2529
2500
2470
2445
2430
2436
2463
2515
2588
2678
2782
2897
3021
3159
3298
3437
3568
3679
3760
3813
3831
3819
3779
3714
3624
3517
3398
3272
3156
3059
2988
2952
2945
2962
2999
3043
3089
3141
3194
3257
3320
3382
3437
3482
3510
3533
3548
3550
3541
3514
3466
3407
3344
3286
3238
3195
3141
3069
2977
2871
2773
2697
2653
2641
2648
2667
2683
2703
2732
2773
2825
2883
2936
2974
2994
2999
2987
2971
2954
2936
2926
2924
2935
2960
3000
3050
3108
3170
3230
3288
3340
3385
3419
3443
3454
3449
3426
3386
3331
3264
3196
3133
3082
3046
3023
3009
3003
3003
3008
3023
3050
3090
3141
3199
3258
3314
3359
3394
3418
3432
3441
3447
3452
3459
3462
3458
3441
3405
3349
3278
3200
3127
3065
3017
2983
2958
2938
2924
2921
2933
2963
3010
3063
3115
3156
3184
3202
3214
3225
3237
3247
3251
3248
3237
3223
3210
3200
3195
3196
3198
3200
3202
3203
3204
3203
3199
3194
3185
3172
3157
3142
3128
3114
3099
3084
3068
3052
3039
3032
3032
3037
3044
3053
3061
3070
3083
3102
3126
3153
3179
3201
3218
3229
3237
3239
3236
3226
3207
3179
3143
3104
3063
3021
2980
2939
2901
2866
2838
2818
2806
2804
2810
2824
2843
2864
2886
2907
2927
2945
2964
2984
3008
3033
3058
3080
3099
3113
3126
3137
3149
3165
3181
3197
3208
3211
3205
3187
3160
3128
3095
3065
3039
3019
3003
2991
2986
2987
2996
3014
3039
3067
3096
3124
3150
3173
3192
3203
3207
3206
3202
3200
3202
3208
3214
3217
3216
3211
3206
3203
3202
3202
3197
3186
3168
3145
3123
3105
3092
3082
3073
3064
3056
3051
3052
3061
3075
3090
3101
3105
3101
3092
3084
3078
3078
3082
3086
3088
3086
3082
3080
3084
3097
3120
3147
3174
3196
3210
3214
3210
3199
3183
3163
3141
3120
3101
3087
3078
3073
3071
3073
3073
3076
3078
3083
3090
3100
3110
3122
3129
3135
3133
3129
3125
3123
3125
3126
3126
3120
3109
3093
3077
3061
3046
3029
3009
2985
2963
2945
2935
2933
2937
2944
2949
2954
2963
2981
3011
3049
3089
3123
3143
3147
3137
3120
3101
3084
3073
3066
3064
3066
3071
3081
3093
3108
3124
3139
3152
3161
3166
3169
3167
3164
3156
3147
3137
3125
3114
3103
3094
3088
3085
3087
3093
3103
3115
3127
3138
3145
3151
3156
3163
3171
3180
3188
3192
3192
3188
3182
3175
3170
3164
3159
3153
3146
3138
3133
3128
3125
3122
3119
3117
3116
3118
3122
3128
3134
3139
3142
3143
3143
3143
3143
3141
3138
3133
3127
3122
3118
3115
3114
3114
3113
3112
3111
3111
3113
3117
3123
3131
3139
3146
3152
3157
3161
3165
3168
3169
3167
3160
3151
3141
3132
3124
3119
3112
3105
3095
3085
3077
3075
3081
3093
3108
3124
3139
3151
3163
3174
3186
3197
3203
3202
3195
3182
3166
3149
3132
3115
3099
3081
3065
3049
3038
3032
3032
3038
3048
3060
3073
3085
3095
3103
3109
3115
3121
3128
3134
3137
3137
3134
3128
3122
3115
3108
3103
3101
3100
3103
3109
3117
3126
3134
3139
3143
3146
3150
3155
3161
3164
3165
3162
3156
3150
3143
3139
3136
3133
3130
3126
3122
3118
3116
3116
3116
3117
3117
3117
3118
3122
3131
3144
3159
3174
3185
3190
3190
3188
3188
3190
3194
3197
3194
3183
3167
3150
3136
3131
3134
3142
3150
3152
3147
3135
3122
3110
3104
3104
3107
3113
3117
3120
3122
3125
3130
3138
3146
3155
3162
3167
3168
3168
3167
3164
3160
3154
3148
3143
3141
3141
3143
3147
3152
3156
3160
3164
3168
3171
3172
3169
3163
3157
3149
3143
3139
3136
3133
3130
3127
3124
3123
3124
3127
3133
3140
3147
3154
3159
3163
3165
3164
3162
3158
3155
3154
3155
3156
3158
3158
3155
3152
3147
3142
3138
3135
3135
3135
3136
3137
3138
3137
3135
3131
3125
3120
3117
3116
3118
3123
3127
3132
3137
3141
3146
3150
3156
3162
3166
3168
3168
3165
3160
3154
3143
3143
3144
3128
3126
3111
3114
3108
3118
3120
3125
3123
3119
3124
3131
3150
3160
3164
3151
3133
3118
3125
3156
3206
3254
3283
3279
3250
3206
3165
3143
3138
3143
3147
3142
3128
3116
3126
3110
3112
3107
3116
3127
3148
3180
3195
3211
3196
3183
3169
3172
3180
3183
3182
3176
3140
3151
3176
3254
3338
3441
3492
3500
3460
3394
3310
3231
3200
3199
3224
3287
3290
3293
3249
3232
3220
3244
3274
3309
3332
3330
3305
3269
3231
3237
3238
3281
3308
3346
3407
3426
3474
3496
3525
3498
3480
3438
3385
3349
3296
3289
3285
3353
3422
3506
3536
3544
3460
3367
3244
3149
3043
2965
2861
2771
2687
2660
2685
2737
2820
2858
2845
2841
2821
2888
2983
3112
3180
3155
3032
2873
2739
2682
2706
2794
2886
2977
2983
2991
2988
3013
3063
3085
3087
3034
2979
2905
2886
2882
2899
2917
2911
2920
2902
2928
2952
3005
3045
3104
3112
3102
3039
2951
2830
2725
2649
2647
2674
2731
2808
2859
2932
2994
3067
3128
3164
3144
3066
2955
2858
2785
2753
2739
2724
2699
2650
2619
2609
2634
2670
2713
2747
2760
2757
2752
2746
2734
2708
2659
2614
2591
2605
2644
2687
2709
2702
2690
2699
2735
2793
2838
2846
2816
2769
2743
2779
2865
2962
3020
2980
2841
2668
2530
2522
2637
2833
3035
3155
3181
3127
3060
3041
3072
3154
3222
3258
3251
3217
3186
3180
3185
3176
3148
3107
3089
3106
3177
3274
3368
3435
3462
3457
3423
3376
3318
3270
3239
3252
3311
3406
3490
3543
3535
3487
3434
3417
3449
3518
3572
3577
3530
3461
3401
3387
3404
3419
3391
3306
3196
3101
3081
3139
3248
3368
3442
3471
3452
3419
3382
3344
3289
3218
3128
3032
2959
2928
2952
3017
3108
3201
3267
3300
3289
3245
3192
3167
3186
3257
3355
3442
3481
3465
3390
3311
3243
3220
3221
3237
3244
3239
3231
3234
3252
3264
3244
3192
3117
3056
3043
3086
3157
3217
3225
3169
3084
3014
2997
3040
3109
3172
3202
3209
3218
3253
3305
3351
3347
3282
3177
3082
3049
3093
3183
3269
3290
3244
3162
3118
3152
3271
3434
3561
3592
3513
3357
3201
3095
3086
3146
3241
3317
3347
3330
3283
3230
3187
3147
3109
3060
3011
2964
2934
2912
2895
2871
2841
2827
2838
2878
2941
2984
2984
2937
2870
2832
2858
2962
3114
3254
3327
3326
3265
3209
3199
3254
3347
3444
3507
3527
3522
3514
3517
3530
3535
3518
3487
3457
3452
3473
3510
3523
3492
3405
3296
3196
3148
3156
3215
3280
3322
3318
3274
3204
3138
3096
3092
3126
3186
3254
3300
3303
3267
3202
3139
3100
3099
3127
3155
3162
3130
3074
3013
2982
2978
3005
3026
3031
3006
2975
2958
2965
2995
3021
3019
2965
2875
2767
2677
2622
2604
2609
2625
2638
2661
2702
2772
2869
2977
3076
3150
3191
3202
3189
3154
3098
3017
2926
2842
2789
2788
2843
2939
3058
3177
3283
3370
3435
3474
3475
3429
3337
3221
3125
3084
3117
3209
3317
3383
3378
3304
3200
3124
3111
3171
3272
3367
3417
3411
3374
3338
3332
3360
3405
3444
3457
3453
3446
3461
3512
3586
3656
3688
3666
3594
3496
3404
3342
3310
3300
3284
3249
3192
3127
3075
3047
3040
3038
3014
2957
2877
2794
2738
2721
2738
2766
2772
2741
2680
2613
2570
2563
2592
2633
2665
2669
2649
2616
2596
2600
2642
2717
2820
2935
3051
3149
3218
3249
3246
3218
3183
3155
3148
3162
3194
