== DEBUT ENREGISTREMENT ==
== FIN ENREGISTREMENT ==
== EXPORT VERS AUDACITY ==
0
0
11
35
52
46
22
0
0
16
61
87
79
24
0
0
0
89
168
152
24
0
0
0
383
1130
1984
2724
3187
3332
3240
3064
2939
2926
2997
3077
3108
3077
3020
2986
3002
3058
3120
3150
3143
3113
3091
3092
3117
3147
3161
3159
3116
3099
3088
3083
3084
3081
3080
3072
3073
3071
3084
3092
3106
3111
3113
3112
3112
3118
3126
3132
3140
3138
3132
3124
3120
3118
3125
3134
3140
3145
3144
3137
3130
3119
3109
3098
3092
3089
3093
3103
3113
3121
3130
3131
3133
3134
3137
3140
3142
3142
3134
3129
3119
3111
3103
3097
3094
3094
3104
3113
3128
3138
3143
3141
3132
3123
3114
3112
3110
3113
3113
3113
3112
3109
3106
3101
3096
3089
3086
3086
3089
3098
3103
3108
3110
3109
3111
3114
3120
3125
3129
3129
3125
3120
3120
3122
3126
3131
3135
3134
3132
3128
3123
3123
3124
3126
3133
3139
3146
3154
3160
3163
3160
3155
3146
3139
3131
3125
3120
3116
3110
3107
3106
3109
3114
3122
3128
3133
3138
3141
3148
3155
3164
3170
3170
3167
3159
3149
3142
3135
3131
3129
3127
3126
3126
3126
3127
3127
3127
3125
3127
3128
3134
3142
3151
3156
3160
3158
3154
3148
3144
3141
3140
3140
3141
3142
3141
3141
3139
3137
3136
3137
3139
3144
3152
3156
3160
3159
3155
3151
3147
3145
3145
3144
3143
3138
3135
3130
3130
3129
3133
3134
3133
3130
3126
3121
3118
3115
3115
3114
3114
3111
3106
3100
3093
3086
3083
3083
3087
3092
3099
3104
3109
3116
3122
3129
3134
3135
3131
3123
3117
3111
3110
3110
3110
3108
3103
3097
3093
3092
3094
3097
3097
3095
3091
3087
3086
3089
3097
3106
3116
3125
3133
3137
3139
3136
3132
3125
3121
3118
3119
3119
3120
3116
3112
3107
3104
3105
3108
3113
3118
3119
3122
3122
3125
3128
3130
3129
3126
3121
3117
3115
3119
3119
3121
3117
3109
3102
3095
3095
3100
3108
3116
3123
3125
3125
3122
3120
3121
3122
3126
3128
3130
3130
3128
3125
3122
3119
3117
3117
3121
3123
3126
3127
3129
3129
3130
3132
3133
3133
3132
3128
3126
3125
3128
3133
3141
3145
3148
3147
3147
3149
3154
3158
3161
3159
3154
3146
3140
3137
3140
3146
3154
3160
3164
3163
3159
3152
3143
3134
3129
3126
3129
3134
3143
3149
3154
3155
3154
3152
3151
3150
3151
3153
3154
3156
3159
3161
3160
3158
3153
3147
3142
3141
3147
3153
3159
3161
3159
3151
3143
3134
3131
3129
3130
3130
3130
3131
3131
3134
3140
3145
3151
3153
3153
3152
3151
3150
3148
3147
3144
3141
3138
3136
3136
3138
3142
3145
3148
3149
3148
3144
3139
3135
3133
3135
3137
3143
3147
3148
3148
3145
3141
3137
3133
3128
3125
3121
3118
3118
3121
3126
3132
3135
3137
3134
3131
3127
3126
3125
3125
3125
3125
3125
3130
3137
3146
3153
3156
3155
3149
3146
3145
3146
3148
3147
3142
3133
3125
3122
3126
3136
3149
3159
3162
3158
3151
3144
3141
3142
3146
3149
3153
3155
3156
3158
3163
3167
3171
3172
3169
3163
3155
3147
3142
3142
3145
3148
3149
3147
3143
3137
3134
3134
3138
3141
3143
3141
3138
3137
3139
3145
3151
3158
3160
3158
3154
3149
3146
3144
3144
3143
3142
3139
3138
3136
3138
3141
3146
3150
3154
3156
3157
3157
3159
3164
3169
3175
3177
3172
3163
3152
3143
3140
3144
3151
3157
3159
3155
3147
3142
3141
3147
3156
3162
3164
3161
3155
3149
3149
3155
3163
3170
3170
3165
3158
3153
3152
3158
3166
3173
3175
3172
3166
3160
3157
3160
3165
3170
3170
3167
3160
3153
3147
3146
3146
3146
3142
3136
3129
3124
3123
3127
3137
3144
3149
3151
3148
3143
3139
3137
3139
3142
3143
3145
3146
3144
3141
3137
3133
3127
3122
3119
3117
3119
3121
3125
3126
3125
3121
3115
3109
3103
3101
3101
3104
3106
3106
3105
3104
3102
3101
3101
3103
3103
3101
3097
3094
3091
3088
3088
3090
3092
3093
3094
3096
3094
3090
3083
3076
3069
3064
3064
3069
3074
3078
3079
3077
3073
3069
3067
3067
3069
3071
3074
3076
3079
3080
3077
3071
3062
3050
3040
3036
3039
3047
3055
3062
3066
3065
3064
3068
3074
3082
3088
3090
3087
3081
3076
3075
3078
3084
3091
3095
3096
3091
3083
3076
3069
3064
3064
3065
3066
3066
3064
3060
3056
3054
3055
3063
3072
3080
3085
3090
3093
3096
3099
3100
3098
3091
3083
3080
3082
3089
3096
3097
3090
3069
3054
3051
3046
3059
3061
3067
3062
3062
3066
3067
3070
3064
3057
3049
3053
3071
3088
3086
3055
3002
2948
2918
2926
2968
3016
3038
3023
2985
2955
2965
3019
3097
3164
3191
3178
3148
3135
3161
3212
3262
3281
3260
3217
3182
3182
3220
3265
3286
3259
3183
3087
2992
2931
2908
2892
2898
2894
2907
2928
2970
3026
3077
3122
3147
3167
3176
3190
3208
3224
3235
3239
3239
3234
3224
3207
3178
3137
3084
3030
2981
2946
2932
2933
2949
2971
2994
3015
3033
3051
3072
3096
3123
3154
3181
3202
3210
3208
3202
3190
3176
3162
3145
3124
3097
3067
3037
3012
2993
2981
2976
2975
2977
2979
2983
2988
2995
3005
3021
3040
3063
3087
3111
3132
3148
3156
3160
3160
3154
3146
3136
3127
3119
3110
3104
3099
3095
3095
3101
3112
3126
3143
3158
3170
3176
3178
3180
3180
3181
3184
3189
3192
3191
3187
3176
3161
3143
3125
3112
3103
3096
3091
3086
3079
3074
3073
3077
3084
3092
3097
3095
3088
3080
3074
3070
3067
3063
3055
3051
3050
3056
3068
3082
3092
3096
3093
3093
3098
3111
3133
3158
3180
3194
3202
3203
3203
3201
3196
3186
3172
3157
3143
3133
3128
3123
3118
3111
3104
3101
3106
3117
3133
3148
3159
3166
3167
3169
3173
3180
3188
3195
3197
3193
3187
3180
3174
3171
3172
3174
3175
3174
3171
3163
3153
3143
3136
3132
3132
3138
3147
3157
3164
3168
3171
3173
3180
3194
3212
3229
3238
3235
3221
3203
3188
3183
3188
3199
3210
3214
3213
3212
3216
3225
3240
3255
3263
3263
3256
3243
3228
3215
3202
3190
3177
3167
3162
3158
3158
3158
3159
3159
3162
3167
3175
3179
3178
3174
3169
3170
3178
3196
3219
3237
3243
3236
3222
3203
3187
3176
3168
3160
3151
3142
3136
3133
3134
3139
3141
3139
3133
3126
3121
3121
3124
3126
3124
3119
3111
3102
3099
3102
3110
3122
3135
3146
3154
3159
3161
3160
3164
3170
3177
3184
3192
3194
3189
3176
3161
3145
3132
3122
3116
3110
3107
3106
3109
3115
3124
3132
3136
3136
3133
3132
3134
3143
3154
3163
3169
3169
3165
3161
3157
3155
3152
3149
3142
3135
3127
3119
3111
3104
3102
3105
3113
3127
3141
3151
3153
3145
3133
3123
3124
3134
3150
3166
3176
3173
3163
3150
3139
3134
3135
3136
3139
3137
3135
3130
3126
3123
3122
3124
3127
3129
3131
3133
3130
3128
3124
3123
3126
3132
3141
3151
3159
3165
3166
3163
3157
3147
3138
3132
3131
3133
3134
3134
3127
3116
3107
3100
3101
3109
3120
3131
3140
3143
3146
3151
3160
3171
3184
3195
3198
3196
3187
3177
3166
3155
3147
3140
3131
3119
3106
3093
3084
3079
3080
3086
3090
3093
3093
3093
3098
3109
3126
3144
3160
3168
3167
3159
3152
3146
3148
3154
3160
3161
3154
3142
3128
3116
3113
3116
3124
3134
3139
3142
3141
3141
3143
3147
3153
3158
3160
3160
3156
3152
3145
3137
3129
3120
3113
3111
3110
3113
3117
3121
3126
3131
3135
3139
3141
3139
3132
3124
3118
3114
3116
3123
3128
3132
3131
3124
3115
3107
3102
3099
3100
3103
3107
3112
3115
3116
3114
3111
3109
3111
3117
3129
3141
3150
3153
3149
3143
3135
3130
3132
3135
3139
3140
3139
3136
3132
3127
3124
3122
3123
3124
3125
3126
3124
3122
3119
3117
3117
3115
3113
3111
3106
3103
3103
3104
3108
3109
3111
3112
3113
3120
3129
3138
3142
3139
3130
3118
3111
3112
3121
3134
3144
3143
3135
3121
3108
3103
3106
3117
3128
3134
3131
3121
3108
3097
3094
3099
3109
3120
3127
3130
3129
3128
3129
3133
3140
3145
3145
3139
3129
3116
3104
3098
3096
3098
3102
3107
3112
3116
3121
3123
3123
3123
3123
3125
3128
3133
3139
3143
3145
3145
3141
3137
3131
3124
3118
3112
3107
3101
3097
3093
3090
3089
3088
3090
3093
3096
3098
3099
3101
3102
3105
3108
3113
3117
3118
3121
3121
3121
3120
3117
3113
3108
3101
3094
3087
3083
3079
3077
3079
3081
3084
3082
3079
3073
3066
3062
3064
3072
3083
3092
3098
3097
3091
3086
3084
3089
3097
3105
3111
3112
3111
3111
3114
3120
3127
3128
3124
3112
3094
3078
3067
3065
3069
3077
3084
3088
3087
3084
3082
3083
3087
3091
3094
3094
3090
3085
3080
3077
3077
3080
3086
3093
3100
3103
3103
3099
3091
3085
3081
3081
3085
3089
3090
3087
3079
3070
3060
3054
3051
3051
3052
3055
3057
3060
3061
3060
3058
3055
3055
3056
3062
3071
3081
3089
3094
3094
3091
3085
3078
3070
3065
3063
3063
3065
3067
3066
3060
3053
3047
3046
3053
3066
3081
3090
3092
3086
3078
3073
3074
3081
3090
3097
3098
3093
3085
3079
3077
3081
3086
3088
3086
3078
3068
3059
3054
3053
3058
3066
3075
3085
3093
3098
3101
3101
3097
3092
3087
3083
3081
3082
3085
3088
3092
3094
3094
3092
3089
3085
3083
3084
3088
3092
3096
3097
3096
3095
3096
3099
3104
3110
3113
3112
3108
3103
3103
3108
3116
3125
3131
3132
3128
3120
3114
3112
3114
3121
3130
3139
3143
3142
3135
3124
3113
3103
3100
3105
3115
3126
3134
3135
3131
3124
3118
3117
3121
3130
3139
3144
3146
3144
3142
3144
3150
3159
3169
3177
3181
3181
3178
3173
3168
3163
3160
3156
3153
3148
3143
3138
3135
3134
3136
3141
3145
3147
3144
3137
3128
3122
3122
3130
3143
3157
3165
3162
3150
3133
3119
3117
3129
3151
3175
3190
3190
3173
3144
3115
3094
3089
3102
3124
3147
3162
3162
3148
3125
3103
3089
3090
3103
3125
3146
3159
3158
3143
3122
3101
3090
3092
3108
3130
3152
3164
3163
3150
3130
3114
3106
3110
3122
3136
3145
3143
3132
3116
3103
3101
3107
3121
3136
3143
3140
3130
3116
3105
3101
3105
3112
3118
3120
3118
3111
3105
3100
3097
3097
3098
3100
3101
3103
3104
3103
3100
3094
3088
3083
3084
3089
3097
3106
3112
3112
3108
3100
3093
3088
3087
3090
3096
3101
3106
3109
3109
3109
3109
3111
3114
3119
3123
3125
3122
3117
3110
3105
3104
3107
3111
3116
3119
3118
3115
3112
3111
3112
3113
3114
3113
3109
3104
3101
3101
3105
3112
3120
3126
3130
3131
3131
3129
3127
3126
3125
3125
3125
3128
3132
3137
3141
3141
3139
3135
3132
3132
3136
3142
3148
3151
3151
3150
3150
3151
3154
3157
3159
3157
3153
3150
3148
3149
3152
3155
3156
3156
3156
3156
3157
3159
3159
3157
3152
3147
3145
3146
3148
3153
3155
3154
3150
3145
3143
3144
3147
3151
3153
3153
3151
3149
3148
3151
3155
3159
3161
3160
3157
3156
3157
3161
3166
3170
3170
3166
3159
3152
3148
3148
3151
3155
3159
3159
3158
3156
3156
3159
3164
3171
3176
3178
3176
3171
3166
3163
3163
3167
3172
3175
3174
3170
3163
3156
3150
3146
3145
3145
3146
3147
3147
3148
3148
3148
3148
3147
3147
3146
3147
3148
3149
3151
3152
3152
3153
3153
3154
3154
3153
3149
3145
3140
3136
3133
3133
3133
3133
3133
3132
3131
3130
3131
3133
3136
3139
3142
3145
3146
3146
3146
3146
3146
3145
3146
3144
3143
3140
3137
3134
3132
3133
3135
3137
3137
3136
3133
3131
3130
3131
3133
3135
3135
3132
3129
3127
3127
3129
3132
3134
3135
3135
3133
3132
3131
3131
3131
3131
3131
3131
3131
3132
3133
3134
3134
3133
3133
3132
3132
3133
3133
3132
3130
3129
3129
3130
3133
3135
3136
3134
3131
3127
3126
3127
3130
3134
3135
3133
3127
3120
3114
3110
3108
3108
3106
3103
3098
3094
3092
3093
3095
3096
3095
3092
3087
3084
3083
3087
3093
3098
3101
3101
3100
3099
3099
3101
3105
3108
3110
3111
3112
3111
3111
3110
3109
3107
3105
3104
3104
3107
3111
3116
3120
3122
3121
3119
3117
3117
3120
3125
3131
3135
3135
3134
3131
3130
3132
3135
3138
3139
3137
3134
3130
3127
3127
3128
3130
3130
3130
3131
3131
3131
3132
3131
3129
3127
3126
3127
3129
3132
3135
3135
3134
3133
3132
3132
3134
3136
3137
3136
3134
3132
3131
3132
3135
3137
3139
3140
3139
3136
3132
3128
3124
3122
3121
3121
3119
3116
3111
3106
3101
3099
3100
3101
3103
3104
3102
3101
3100
3101
3105
3109
3114
3117
3120
3122
3124
3125
3125
3124
3121
3117
3115
3114
3116
3120
3123
3124
3124
3123
3121
3120
3119
3119
3117
3115
3112
3111
3110
3110
3110
3111
3111
3112
3114
3118
3122
3126
3128
3128
3127
3124
3122
3121
3121
3122
3124
3124
3124
3124
3123
3123
3124
3127
3129
3131
3131
3131
3130
3131
3131
3133
3136
3138
3141
3142
3143
3143
3141
3137
3133
3128
3126
3127
3130
3134
3136
3134
3131
3128
3129
3133
3142
3149
3153
3152
3147
3141
3137
3136
3137
3139
3138
3136
3134
3134
3136
3140
3144
3146
3148
3148
3150
3152
3157
3161
3162
3161
3159
3156
3155
3156
3158
3159
3157
3152
3146
3139
3135
3133
3135
3140
3145
3149
3152
3152
3151
3150
3149
3149
3149
3147
3144
3140
3136
3133
3132
3133
3136
3139
3140
3139
3136
3132
3129
3127
3127
3128
3130
3132
3133
3133
3130
3127
3123
3119
3117
3116
3115
3113
3112
3110
3109
3108
3107
3106
3104
3102
3100
3098
3098
3098
3098
3099
3100
3101
3103
3105
3108
3109
3109
3107
3103
3100
3098
3098
3099
3100
3100
3099
3097
3096
3096
3097
3099
3101
3104
3104
3104
3104
3104
3105
3106
3107
3107
3105
3103
3101
3101
3103
3107
3110
3111
3110
3109
3107
3108
3111
3113
3114
3112
3107
3102
3099
3100
3104
3109
3111
3108
3102
3095
3090
3091
3096
3102
3107
3109
3108
3106
3104
3105
3106
3107
3105
3101
3099
3098
3100
3104
3106
3106
3106
3106
3109
3115
3122
3126
3126
3123
3119
3117
3119
3124
3128
3129
3124
3115
3108
3107
3112
3122
3130
3133
3128
3119
3110
3105
3107
3115
3123
3129
3130
3126
3118
3111
3107
3105
3108
3112
3116
3120
3121
3119
3116
3110
3104
3099
3097
3097
3098
3100
3102
3101
3098
3094
3090
3087
3086
3088
3092
3098
3102
3103
3102
3098
3093
3091
3090
3093
3097
3102
3106
3109
3110
3111
3110
3110
3108
3106
3105
3106
3107
3109
3111
3110
3108
3105
3103
3103
3104
3106
3106
3105
3102
3099
3098
3100
3104
3108
3112
3115
3115
3114
3114
3114
3115
3116
3118
3117
3115
3112
3108
3106
3105
3107
3110
3112
3112
3108
3101
3093
3087
3084
3085
3090
3096
3100
3102
3102
3099
3097
3096
3097
3100
3104
3106
3108
3110
3112
3114
3118
3122
3123
3122
3118
3113
3108
3106
3106
3108
3113
3117
3122
3124
3124
3122
3119
3116
3113
3112
3112
3114
3116
3117
3117
3116
3117
3118
3121
3124
3126
3126
3124
3122
3120
3119
3120
3121
3123
3126
3128
3131
3133
3135
3136
3136
3137
3139
3141
3145
3147
3148
3147
3144
3142
3140
3140
3141
3143
3145
3147
3148
3149
3148
3145
3142
3138
3137
3137
3139
3141
3143
3145
3146
3148
3150
3151
3152
3150
3147
3143
3141
3143
3147
3153
3157
3158
3156
3152
3149
3148
3150
3152
3155
3157
3156
3156
3155
3154
3154
3155
3154
3154
3152
3151
3150
3149
3149
3149
3148
3147
3146
3144
3143
3141
3138
3136
3134
3133
3135
3137
3141
3145
3147
3147
3148
3150
3152
3155
3156
3154
3149
3142
3136
3133
3133
3135
3139
3141
3143
3142
3142
3141
3138
3135
3132
3128
3126
3126
3127
3130
3132
3134
3136
3139
3141
3143
3141
3137
3132
3127
3125
3129
3136
3145
3151
3152
3148
3142
3135
3131
3130
3131
3133
3135
3136
3136
3136
3137
3138
3141
3144
3145
3145
3143
3139
3136
3135
3137
3140
3143
3142
3137
3130
3123
3117
3115
3116
3118
3119
3118
3117
3118
3119
3123
3126
3128
3128
3126
3124
3123
3123
3124
3124
3123
3120
3116
3114
3114
3117
3122
3126
3129
3128
3125
3120
3115
3113
3115
3120
3126
3130
3132
3132
3130
3129
3129
3129
3128
3125
3120
3114
3110
3109
3110
3114
3117
3118
3117
3116
3114
3114
3115
3118
3120
3121
3121
3121
3121
3121
3121
3120
3119
3118
3118
3119
3122
3126
3131
3135
3137
3136
3134
3132
3132
3133
3136
3139
3142
3144
3146
3149
3152
3154
3155
3155
3155
3156
3156
3159
3161
3162
3162
3159
3155
3152
3150
3150
3151
3154
3157
3160
3161
3161
3160
3158
3157
3157
3159
3161
3162
3161
3160
3159
3160
3165
3172
3179
3181
3177
3169
3158
3149
3142
3126
3159
3156
3151
3173
3149
3137
3146
3142
3154
3176
3158
3159
3142
3120
3147
3181
3214
3245
3245
3209
3208
3250
3402
3668
4006
4095
4095
4095
4095
4095
4095
4095
4032
3778
3545
3257
2965
2664
2365
2134
1974
1907
1916
1946
1979
2017
2043
2079
2146
2189
2160
1994
1731
1322
901
606
474
588
932
1422
2013
2642
3232
3825
4095
4095
4095
4095
4095
4095
4095
4095
4095
3644
3168
2736
2348
2038
1847
1765
1831
2034
2352
2749
3161
3540
3892
4095
4095
4095
4095
4095
4095
4095
4095
4095
4095
4095
4095
4095
4015
3910
3771
3663
3544
3377
3143
2843
2507
2198
1938
1707
1539
1343
1074
777
470
203
34
0
26
188
464
893
1547
2388
3356
4095
4095
4095
4095
4095
4095
4095
4095
4095
4095
4054
3379
2693
2033
1506
1136
954
963
1157
1522
2034
2649
3298
3982
4095
4095
4095
4095
4095
4095
4095
4095
4095
3904
3726
3641
3597
3648
3751
3874
4039
4095
4095
4095
4095
4095
4095
4095
4095
4095
4045
3470
2845
2214
1556
1016
587
272
86
16
8
43
69
100
209
405
799
1459
2329
3334
4095
4095
4095
4095
4095
4095
4095
4095
4095
4095
4095
3912
3164
2412
1739
1209
876
737
772
983
1353
1863
2481
3196
3925
4095
4095
4095
4095
4095
4095
4095
4095
4095
4095
4095
4095
4095
4095
4028
3953
3933
3981
4066
4095
4095
4095
4095
4095
4021
3723
3373
2945
2512
2078
1638
1214
832
496
232
78
0
14
69
138
241
400
649
1068
1663
2391
3196
3945
4095
4095
4095
4095
4095
4095
4095
4095
4095
4095
4095
4095
3709
3150
2662
2276
1977
1772
1671
1682
1797
2043
2336
2621
2965
3229
3515
3756
4020
4095
4095
4095
4095
4095
4095
4095
4095
4095
4095
4095
4095
3965
3851
3764
3646
3504
3313
3118
2938
2791
2709
2673
2664
2640
2604
2540
2474
2402
2337
2268
2156
1988
1746
1486
1233
1053
956
963
1020
1089
1132
1140
1148
1189
1305
1512
1820
2195
2627
3072
3539
3993
4095
4095
4095
4095
4095
4095
4095
4095
4095
4095
4095
4095
3962
3616
3270
2981
2735
2554
2443
2403
2434
2538
2694
2867
3086
3297
3529
3754
3951
4095
4095
4095
4095
4095
4095
4095
4095
4095
4095
4095
4087
3953
3808
3656
3447
3159
2838
2493
2199
1973
1820
1693
1542
1318
1021
714
465
335
329
433
574
706
810
904
1051
1291
1644
2099
2623
3163
3685
4095
4095
4095
4095
4095
4095
4095
4095
4095
4095
4095
4095
4095
4008
3708
3448
3222
3012
2856
2728
2654
2632
2651
2703
2790
2888
2987
3115
3253
3407
3561
3714
3863
4009
4095
4095
4095
4095
4095
4095
4095
4095
4095
4095
4095
4095
4095
4095
4095
3723
3155
2560
1901
1273
760
377
169
116
102
95
68
23
57
207
490
889
1352
1811
2259
2689
3125
3577
4019
4095
4095
4095
4095
4095
4095
4095
4095
4095
4095
4095
4095
3902
3627
3372
3135
2930
2752
2628
2588
2561
2643
2710
2831
3013
3238
3490
3817
4095
4095
4095
4095
4095
4095
4095
4095
4095
4095
4095
4095
3843
3448
3124
2882
2699
2571
2487
2362
2210
2059
1857
1705
1606
1536
1518
1474
1347
1163
910
657
501
452
551
738
942
1110
1228
1318
1476
1729
2157
2719
3366
4023
4095
4095
4095
4095
4095
4095
4095
4095
4095
4095
4095
4095
3978
3473
3007
2615
2314
2077
1966
1882
1948
2040
2247
2511
2865
3252
3651
4073
4095
4095
4095
4095
4095
4095
4095
4095
4095
4095
4095
4095
4095
3988
3773
3606
3437
3250
3091
2937
2743
2590
2413
2237
2085
1913
1731
1530
1267
984
700
442
284
240
269
388
509
616
728
848
1038
1352
1780
2299
2937
3523
4095
4095
4095
4095
4095
4095
4095
4095
4095
4095
4095
4095
4095
4012
3505
3008
2611
2278
2023
1876
1765
1781
1851
1979
2213
2526
2851
3262
3654
4042
4095
4095
4095
4095
4095
4095
4095
4095
4095
4095
4095
4095
4095
4039
3622
3271
2944
2677
2449
2239
2010
1801
1611
1475
1430
1429
1436
1415
1320
1141
954
778
699
730
826
955
1064
1100
1124
1174
1304
1605
2036
2599
3216
3805
4095
4095
4095
4095
4095
4095
4095
4095
4095
4095
4095
4095
4095
3750
3330
2946
2623
2311
2120
1990
1905
1932
2005
2146
2368
2698
3074
3526
3981
4095
4095
4095
4095
4095
4095
4095
4095
4095
4095
4095
4095
4095
4095
4056
3665
3276
2945
2691
2495
2364
2215
2046
1834
1591
1354
1118
893
659
446
227
61
0
26
165
391
644
895
1165
1474
1878
2438
3097
3809
4095
4095
4095
4095
4095
4095
4095
4095
4095
4095
4095
4095
3607
2998
2479
2072
1800
1653
1620
1726
1903
2171
2511
2845
3201
3588
3965
4095
4095
4095
4095
4095
4095
4095
4095
4095
4095
4095
4095
4095
4095
4095
4039
3853
3614
3378
3185
2932
2709
2507
2267
2023
1762
1486
1230
992
759
562
339
126
0
0
59
321
681
1058
1414
1707
1982
2316
2754
3327
3978
4095
4095
4095
4095
4095
4095
4095
4095
4095
4095
4095
4033
3451
2922
2484
2125
1872
1742
1728
1875
2087
2427
2795
3127
3447
3820
4095
4095
4095
4095
4095
4095
4095
4095
4095
4095
4095
4095
4095
4095
4095
4080
3935
3837
3713
3532
3342
3141
2939
2746
2606
2429
2262
2047
1832
1609
1386
1184
960
694
423
186
25
53
222
522
871
1176
1413
1619
1836
2168
2636
3207
3831
4095
4095
4095
4095
4095
4095
4095
4095
4095
4095
4095
4095
3841
3406
3010
2684
2400
2185
2078
2021
2072
2230
2397
2649
2940
3215
3495
3788
4036
4095
4095
4095
4095
4095
4095
4095
4095
4095
4095
4095
3959
3776
3604
3447
3335
3249
3158
3100
3022
2938
2878
2839
2807
2810
2790
2723
2636
2476
2314
2145
1987
1854
1730
1595
1468
1344
1243
1211
1226
1316
1452
1624
1819
2053
2301
2603
2937
3283
3648
3978
4095
4095
4095
4095
4095
4095
4095
4095
4095
4095
3939
3655
3373
3128
2908
2720
2593
2512
2475
2522
2624
2760
2941
3133
3302
3475
3620
3734
3842
3912
3946
3955
3923
3852
3772
3672
3574
3491
3416
3354
3297
3255
3216
3197
3194
3205
3226
3247
3259
3253
3230
3184
3124
3036
2940
2824
2704
2595
2504
2434
2401
2394
2400
2434
2472
2536
2619
2717
2839
2962
3083
3184
3270
3323
3352
3361
3343
3308
3256
3189
3108
3022
2926
2838
2759
2697
2662
2646
2648
2665
2689
2723
2773
2849
2941
3054
3175
3282
3378
3456
3517
3568
3608
3638
3653
3648
3638
3621
3611
3611
3619
3615
3596
3550
3476
3389
3299
3219
3155
3093
3029
2957
2878
2799
2729
2676
2633
2600
2573
2552
2548
2570
2627
2712
2818
2927
3026
3109
3184
3253
3322
3388
3441
3469
3471
3448
3412
3375
3344
3316
3289
3258
3220
3181
3145
3118
3101
3092
3090
3094
3105
3124
3151
3175
3194
3201
3194
3179
3164
3149
3142
3139
3138
3136
3140
3150
3165
3187
3212
3232
3248
3259
3268
3279
3293
3307
3317
3314
3298
3269
3228
3183
3138
3093
3050
3008
2962
2917
2872
2832
2801
2780
2771
2774
2785
2804
2831
2866
2908
2960
3016
3077
3136
3192
3241
3283
3319
3350
3374
3387
3389
3375
3346
3309
3266
3220
3177
3137
3097
3061
3030
3003
2987
2981
2983
2992
3002
3012
3023
3036
3051
3073
3100
3131
3165
3199
3231
3258
3279
3292
3300
3300
3298
3295
3288
3280
3265
3245
3218
3190
3160
3135
3114
3097
3081
3066
3050
3036
3027
3025
3028
3035
3040
3038
3027
3008
2983
2955
2929
2906
2883
2864
2849
2844
2852
2876
2916
2966
3025
3085
3146
3207
3267
3325
3376
3414
3435
3436
3418
3388
3347
3299
3248
3193
3138
3087
3042
3006
2982
2968
2961
2963
2969
2985
3008
3038
3072
3109
3146
3179
3209
3233
3247
3252
3246
3230
3206
3180
3153
3126
3100
3075
3050
3027
3009
3000
2997
3002
3012
3026
3047
3073
3106
3139
3171
3192
3202
3198
3185
3165
3140
3114
3083
3050
3014
2982
2956
2940
2934
2938
2949
2965
2987
3016
3051
3095
3145
3195
3242
3283
3309
3322
3318
3303
3277
3247
3215
3183
3151
3121
3094
3069
3050
3040
3036
3037
3040
3046
3053
3062
3077
3096
3118
3141
3162
3177
3189
3199
3208
3217
3226
3231
3232
3227
3215
3197
3174
3151
3127
3104
3083
3061
3040
3017
2997
2982
2974
2976
2987
3002
3021
3040
3060
3078
3094
3106
3113
3116
3114
3108
3100
3090
3080
3067
3054
3040
3028
3019
3015
3016
3025
3040
3061
3087
3115
3143
3168
3190
3207
3222
3230
3234
3230
3219
3202
3178
3156
3133
3116
3102
3089
3076
3061
3047
3039
3038
3050
3072
3100
3130
3158
3179
3194
3203
3207
3206
3199
3186
3165
3139
3109
3078
3049
3023
3001
2983
2972
2968
2973
2985
3005
3029
3058
3087
3116
3145
3169
3191
3204
3212
3212
3206
3196
3183
3165
3144
3120
3094
3072
3055
3047
3046
3051
3058
3066
3075
3086
3101
3120
3141
3160
3173
3180
3179
3175
3169
3163
3158
3153
3147
3141
3134
3131
3131
3136
3143
3152
3161
3169
3176
3183
3190
3195
3200
3201
3201
3199
3195
3190
3182
3171
3158
3142
3126
3112
3101
3095
3094
3097
3102
3110
3115
3120
3124
3127
3131
3137
3145
3155
3165
3174
3182
3187
3190
3192
3194
3196
3198
3198
3197
3194
3189
3183
3175
3168
3162
3158
3156
3156
3157
3159
3161
3162
3164
3169
3178
3189
3200
3208
3210
3206
3197
3188
3182
3180
3182
3184
3186
3184
3180
3176
3174
3174
3174
3174
3172
3167
3161
3157
3155
3155
3154
3150
3143
3134
3125
3121
3121
3125
3131
3137
3140
3140
3138
3137
3136
3136
3138
3138
3138
3138
3138
3140
3144
3149
3152
3154
3152
3149
3145
3142
3141
3142
3141
3138
3134
3128
3121
3116
3114
3114
3115
3118
3121
3124
3126
3128
3128
3128
3128
3127
3127
3128
3128
3129
3128
3128
3126
3125
3123
3122
3121
3123
3125
3129
3134
3139
3144
3149
3154
3157
3159
3158
3153
3144
3135
3124
3114
3107
3099
3093
3088
3082
3080
3081
3084
3091
3098
3104
3109
3114
3120
3128
3136
3146
3153
3161
3161
3162
3159
3152
3148
3142
3137
3136
3130
3135
3129
3132
3129
3131
3134
3142
3148
3155
3155
3151
3147
3140
3145
3156
3172
3184
3190
3184
3170
3155
3146
3150
3159
3173
3177
3172
3164
3150
3170
3174
3194
3225
3237
3236
3229
3194
3193
3198
3217
3243
3235
3217
3167
3135
3109
3128
3152
3164
3167
3160
3166
3206
3337
3520
3699
3793
3811
3715
3611
3482
3415
3385
3375
3332
3275
3155
3068
2994
2968
3001
3080
3186
3302
3424
3526
3608
3630
3630
3608
3590
3602
3593
3542
3442
3278
3057
2872
2704
2638
2608
2611
2603
2587
2603
2686
2844
3043
3279
3454
3535
3531
3421
3265
3060
2914
2821
2787
2778
2820
2814
2805
2716
2647
2611
2652
2752
2913
3038
3147
3196
3195
3194
3188
3176
3132
3049
2947
2855
2794
2792
2807
2837
2814
2781
2722
2702
2743
2798
2873
2892
2880
2832
2818
2834
2901
2976
3027
2997
2892
2753
2636
2574
2613
2701
2823
2899
2914
2869
2783
2732
2761
2884
3051
3193
3251
3186
3053
2921
2865
2908
2995
3054
3017
2906
2768
2706
2739
2853
2989
3055
3031
2919
2790
2719
2706
2763
2849
2910
2950
2948
2924
2882
2843
2841
2899
2999
3108
3157
3107
2984
2846
2777
2830
2952
3053
3033
2890
2715
2679
2881
3303
3789
4095
4095
3776
3320
2987
2928
3148
3479
3715
3720
3524
3270
3118
3145
3310
3477
3521
3423
3249
3109
3102
3216
3396
3536
3575
3509
3395
3269
3192
3171
3191
3249
3295
3328
3310
3245
3164
3105
3127
3226
3362
3451
3450
3338
3197
3126
3196
3388
3606
3705
3625
3375
3078
2854
2786
2857
2987
3087
3132
3155
3207
3304
3394
3404
3292
3107
2972
2978
3157
3420
3619
3646
3506
3300
3181
3212
3385
3551
3602
3490
3286
3123
3097
3215
3379
3457
3393
3219
3032
2934
2967
3056
3131
3104
2978
2801
2654
2588
2597
2641
2679
2695
2702
2720
2751
2751
2709
2605
2474
2365
2334
2399
2525
2656
2715
2678
2564
2445
2407
2493
2699
2941
3113
3146
3031
2853
2719
2729
2933
3236
3526
3673
3621
3414
3172
3026
3028
3149
3289
3359
3308
3197
3114
3130
3252
3400
3478
3441
3317
3208
3221
3402
3685
3950
4062
3985
3779
3551
3432
3439
3529
3602
3584
3467
3331
3253
3274
3372
3464
3479
3421
3337
3313
3379
3493
3575
3528
3341
3068
2845
2768
2857
3034
3180
3193
3063
2868
2724
2705
2809
2959
3055
3039
2922
2786
2713
2745
2856
2983
3050
3034
2943
2834
2760
2737
2760
2804
2852
2907
2969
3043
3113
3146
3138
3082
2997
2928
2901
2909
2932
2942
2923
2885
2854
2848
2881
2944
3016
3077
3112
3120
3118
3116
3125
3154
3193
3226
3244
3233
3188
3133
3088
3079
3102
3140
3158
3137
3084
3031
3022
3087
3203
3322
3384
3347
3227
3083
2988
2985
3082
3220
3325
3340
3248
3074
2893
2767
2743
2821
2975
3143
3273
3338
3329
3281
3228
3208
3226
3279
3332
3362
3346
3291
3222
3167
3146
3171
3232
3303
3370
3409
3408
3376
3328
3295
3291
3324
3383
3432
3453
3424
3360
3284
3224
3187
3171
3150
3114
3065
3025
3009
3039
3093
3138
3147
3106
3032
2954
2899
2892
2911
2941
2955
2938
2895
2842
2798
2778
2793
2835
2892
2950
2983
2981
2941
2885
2836
2822
2855
2930
3015
3077
3100
3075
3025
2978
2954
2954
2965
2981
2992
3017
3065
3153
3263
3351
3390
3350
3251
3139
3079
3101
3196
3320
3406
3408
3322
3194
3092
3067
3122
3234
3332
3365
3323
3233
3140
3096
3109
3162
3217
3243
3236
3212
3195
3206
3239
3275
3294
3293
3283
3290
3321
3373
3418
3422
3372
3278
3173
3100
3077
3106
3154
3183
3173
3122
3058
3008
2993
3006
3039
3065
3087
3101
3124
3164
3214
3261
3285
3276
3243
3200
3161
3143
3141
3148
3156
3166
3173
3182
3191
3196
3191
3177
3166
3162
3171
3197
3229
3251
3254
3240
3215
3190
3178
3178
3182
3179
3164
3132
3097
3069
3054
3053
3058
3052
3041
3017
3001
3011
3045
3096
3147
3174
3168
3132
3092
3075
3093
3145
3204
3238
3230
3188
3138
3119
3148
3221
3304
3367
3390
3383
3368
3372
3400
3434
3453
3435
3390
3347
3336
3359
3398
3416
3385
3307
3216
3150
3128
3135
3130
3074
2959
2816
2703
2659
2689
2750
2783
2744
2633
2490
2371
2313
2316
2347
2353
2302
2189
2039
1887
1775
1734
1782
1930
2177
2496
2843
3166
3418
3587
3691
3774
3879
4020
4095
4095
4095
4095
4095
4095
4095
4095
4095
4095
4095
4095
4095
4095
4095
4095
4057
4004
3921
3780
3625
3425
3206
2971
2733
2535
2407
2353
2334
2302
2163
1929
1627
1347
1166
1083
1030
890
606
225
0
0
255
994
1903
2728
3264
3487
3521
3566
3757
4095
4095
4095
4095
4095
4095
4095
4095
4095
4095
4095
3981
3738
3598
3594
3676
3746
3728
3616
3484
3406
3469
3619
3800
3931
3972
3960
3953
4000
4095
4095
4095
4095
4095
4095
4095
4095
4095
4092
3966
3838
3661
3430
3148
2865
2605
2409
2237
2049
1804
1493
1152
833
559
330
113
0
0
0
161
758
1541
2343
3007
3442
3692
3852
4032
4095
4095
4095
4095
4095
4095
4095
4095
4095
4095
4095
3992
3795
3642
3555
3512
3478
3425
3348
3263
3202
3188
3244
3339
3503
3705
3950
4095
4095
4095
4095
4095
4095
4095
4095
4095
4095
4095
4095
4095
4095
4095
4095
3907
3584
3228
2902
2601
2326
2036
1710
1366
1013
710
453
253
84
0
0
0
209
647
1248
1913
2557
3099
3516
3811
4017
4095
4095
4095
4095
4095
4095
4095
4095
4095
4095
4095
3984
3839
3706
3586
3486
3399
3327
3279
3243
3242
3252
3281
3314
3341
3388
3457
3590
3769
4005
4095
4095
4095
4095
4095
4095
4095
4095
4095
4095
4095
4095
4095
4095
4095
3915
3602
3296
2981
2693
2408
2149
1888
1619
1345
1053
771
508
278
95
0
0
47
281
630
1083
1574
2068
2511
2887
3190
3432
3639
3822
3983
4095
4095
4095
4095
4095
4095
4095
4095
4095
3989
3851
3701
3546
3401
3274
3171
3077
3020
2969
2945
2942
2956
3006
3078
3185
3303
3461
3644
3870
4095
4095
4095
4095
4095
4095
4095
4095
4095
4095
4095
4095
4018
3843
3665
3500
3344
3188
3036
2880
2729
2594
2472
2366
2270
2186
2109
2037
1948
1831
1660
1441
1192
958
786
707
729
824
953
1084
1202
1326
1485
1705
2001
2358
2751
3145
3517
3847
4095
4095
4095
4095
4095
4095
4095
4095
4095
4095
4088
3914
3744
3588
3458
3342
3252
3177
3121
3073
3043
3031
3043
3093
3174
3281
3394
3503
3594
3678
3761
3856
3967
4091
4095
4095
4095
4095
4095
4095
4095
4095
4089
3951
3791
3595
3382
3156
2917
2674
2436
2195
1961
1728
1487
1233
966
698
456
267
158
142
215
358
550
777
1035
1331
1672
2058
2479
2914
3338
3735
4085
4095
4095
4095
4095
4095
4095
4095
4095
4095
4095
4095
4095
3938
3735
3541
3370
3209
3065
2950
2851
2783
2756
2755
2793
2871
2977
3112
3271
3432
3598
3759
3912
4066
4095
4095
4095
4095
4095
4095
4095
4095
4095
4095
4095
3890
3640
3370
3082
2796
2520
2258
2015
1799
1611
1458
1337
1240
1149
1056
959
867
801
783
820
912
1045
1199
1364
1542
1742
1979
2260
2584
2935
3294
3643
3966
4095
4095
4095
4095
4095
4095
4095
4095
4095
4095
4095
4095
3986
3789
3599
3424
3261
3122
3017
2930
2870
2839
2825
2845
2905
3001
3138
3305
3480
3658
3825
3982
4095
4095
4095
4095
4095
4095
4095
4095
4095
4095
4054
3864
3648
3411
3174
2944
2728
2541
2370
2209
2064
1931
1815
1719
1638
1556
1461
1343
1213
1089
1004
982
1030
1141
1297
1480
1677
1891
2130
2398
2694
3007
3315
3606
3866
4095
4095
4095
4095
4095
4095
4095
4095
4095
4095
4095
4095
3991
3825
3657
3502
3358
3231
3128
3045
2979
2937
2915
2915
2951
3019
3117
3247
3393
3544
3695
3832
3953
4060
4095
4095
4095
4095
4095
4095
4095
4095
4060
3912
3749
3579
3393
3201
3002
2794
2590
2401
2230
2088
1976
1888
1817
1756
1695
1626
1550
1471
1400
1351
1337
1364
1434
1534
1659
1798
1950
2119
2310
2530
2776
3042
3316
3585
3834
4057
4095
4095
4095
4095
4095
4095
4095
4095
4095
4054
3910
3772
3636
3509
3390
3273
3168
3084
3015
2970
2951
2950
2974
3025
3104
3210
3341
3479
3614
3736
3840
3930
4010
4081
4095
4095
4095
4095
4095
4036
3905
3743
3571
3394
3224
3057
2900
2749
2607
2474
2356
2257
2179
2122
2078
2044
2009
1971
1921
1864
1801
1741
1694
1676
1687
1735
1810
1910
2024
2153
2295
2460
2648
2857
3081
3309
3529
3730
3905
4053
4095
4095
4095
4095
4095
4095
4095
4071
3961
3843
3722
3605
3504
3406
3332
3252
3194
3130
3092
3070
3084
3128
3203
3296
3403
3507
3612
3707
3800
3881
3949
3992
4009
4008
3990
3980
3970
3966
3941
3897
3800
3673
3513
3350
3187
3043
2900
2767
2624
2489
2356
2242
2139
2055
1977
1900
1818
1729
1635
1538
1454
1394
1380
1418
1520
1664
1861
2060
2275
2479
2693
2906
3134
3364
3593
3800
3982
4095
4095
4095
4095
4095
4095
4095
4095
4060
3923
3784
3642
3512
3388
3285
3184
3103
3029
2978
2946
2950
2980
3051
3147
3277
3422
3578
3729
3866
3981
4069
4095
4095
4095
4095
4095
4095
4095
4013
3866
3698
3519
3349
3192
3044
2897
2753
2605
2464
2341
2241
2166
2107
2060
2015
1973
1924
1880
1824
1757
1673
1585
1511
1475
1501
1595
1742
1925
2120
2309
2495
2685
2891
3114
3351
3585
3799
3979
4095
4095
4095
4095
4095
4095
4095
4095
4035
3894
3750
3616
3494
3385
3295
3211
3143
3086
3048
3023
3032
3063
3126
3220
3339
3476
3622
3764
3889
3992
4068
4095
4095
4095
4095
4095
4095
4095
4010
3875
3721
3554
3388
3232
3082
2941
2807
2677
2553
2445
2344
2259
2181
2113
2052
1998
1951
1911
1862
1804
1727
1639
1559
1509
1511
1578
1704
1874
2062
2252
2439
2624
2820
3032
3258
3486
3707
3898
4060
4095
4095
4095
4095
4095
4095
4095
4071
3945
3808
3672
3539
3417
3320
3234
3169
3120
3079
3051
3042
3058
3102
3182
3285
3408
3528
3647
3750
3843
3920
3991
4047
4090
4095
4095
4092
4041
3958
3847
3711
3559
3402
3248
3105
2976
2847
2731
2613
2498
2401
2319
2255
2214
2178
2150
2119
2088
2055
2018
1977
1929
1867
1812
1765
1748
1776
1847
1960
2101
2257
2418
2587
2767
2962
3169
3384
3592
3781
3942
4068
4095
4095
4095
4095
4095
4082
3968
3833
3689
3548
3419
3309
3219
3147
3092
3050
3031
3027
3055
3103
3168
3246
3331
3414
3503
3590
3671
3747
3802
3843
3865
3867
3863
3839
3800
3736
3643
3528
3395
3257
3125
3007
2897
2801
2712
2623
2554
2486
2442
2407
2386
2369
2357
2350
2347
2350
2355
2354
2344
2323
2284
2243
2201
2173
2167
2186
2233
2299
2380
2472
2568
2680
2801
2938
3092
3254
3421
3575
3715
3828
3909
3963
3986
3980
3955
3905
3837
3751
3656
3551
3449
3353
3271
3207
3159
3125
3111
3104
3124
3152
3203
3263
3330
3393
3450
3497
3532
3564
3586
3599
3598
3583
3546
3495
3425
3346
3259
3169
3083
3000
2925
2858
2797
2747
2704
2674
2657
2650
2656
2663
2678
2694
2721
2758
2799
2842
2872
2890
2892
2887
2883
2882
2888
2889
2881
2861
2839
2818
2814
2826
2851
2884
2916
2951
2990
3041
3107
3185
3264
3342
3408
3466
3513
3554
3588
3613
3628
3631
3622
3605
3583
3556
3525
3493
3461
3431
3405
3382
3361
3341
3321
3303
3290
3279
3271
3263
3249
3228
3201
3170
3139
3109
3081
3051
3020
2988
2958
2934
2921
2918
2924
2937
2954
2974
2998
3029
3064
3102
3139
3169
3190
3205
3214
3222
3226
3227
3219
3203
3180
3155
3132
3115
3105
3101
3098
3095
3093
3091
3093
3102
3117
3138
3163
3187
3212
3234
3254
3271
3286
3299
3309
3315
3316
3312
3302
3288
3271
3255
3238
3223
3209
3195
3181
3170
3163
3162
3167
3177
3188
3199
3208
3216
3221
3225
3227
3225
3217
3203
3184
3162
3138
3114
3090
3064
3038
3013
2991
2976
2970
2972
2983
2999
3020
3044
3071
3102
3134
3165
3194
3219
3240
3256
3268
3275
3277
3273
3265
3254
3242
3229
3216
3202
3186
3169
3152
3138
3128
3122
3119
3119
3121
3126
3135
3150
3171
3196
3223
3250
3273
3293
3310
3323
3332
3338
3340
3336
3326
3311
3293
3273
3255
3239
3227
3217
3209
3201
3194
3189
3185
3185
3185
3186
3185
3182
3177
3169
3158
3146
3131
3113
3091
3068
3042
3017
2993
2974
2959
2950
2949
2954
2965
2981
2999
3019
3037
3054
3067
3076
3082
3083
3080
3073
3060
3041
3018
2989
2958
2927
2897
2870
2845
2821
2798
2778
2760
2747
2740
2740
2743
2752
2762
2773
2784
2796
2809
2822
2837
2851
2864
2875
2882
2887
2888
2886
2882
2877
2872
2865
2857
2849
2840
2831
2824
2819
2814
2811
2808
2806
2806
2808
2811
2815
2816
2815
2811
2805
2795
2784
2771
2755
2738
2722
2707
2697
2692
2691
2693
2696
2699
2705
2713
2724
2736
2748
2757
2764
2767
2770
2772
2775
2776
2774
2768
2758
2746
2734
2724
2717
2712
2707
2702
2697
2692
2687
2683
2680
2677
2674
2672
2673
2677
2684
2693
2702
2711
2720
2729
2738
2747
2757
2766
2775
2781
2785
2785
2782
2775
2766
2759
2755
2756
2762
2771
2783
2795
2809
2825
2842
2861
2879
2895
2909
2920
2930
2940
2950
2958
2964
2967
2966
2964
2961
2962
2967
2977
2992
3011
3031
3053
3074
3095
3116
3138
3161
3182
3202
3217
3227
3233
3234
3235
3236
3239
3243
3247
3251
3255
3258
3262
3267
3272
3277
3284
3292
3302
3313
3323
3332
3339
3343
3345
3348
3351
3356
3364
3373
3383
3395
3406
3418
3426
3432
3433
3431
3428
3425
3425
3427
3428
3429
3428
3426
3423
3423
3426
3431
3437
3442
3445
3446
3446
3446
3447
3449
3451
3451
3450
3446
3442
3437
3432
3427
3422
3418
3417
3417
3419
3422
3424
3425
3425
3426
3429
3433
3437
3440
3441
3441
3438
3435
3431
3428
3423
3418
3413
3411
3410
3412
3413
3412
3406
3397
3386
3377
3372
3372
3374
3377
3377
3376
3374
3373
3374
3376
3378
3378
3375
3372
3371
3373
3378
3383
3384
3381
3373
3363
3356
3354
3359
3367
3376
3381
3381
3378
3374
3373
3374
3377
3379
3378
3373
3366
3358
3351
3345
3340
3333
3326
3319
3313
3310
3310
3310
3310
3308
3306
3304
3304
3307
3311
3314
3315
3312
3307
3300
3294
3289
3287
3280
3285
3278
3276
3273
3263
3263
3261
3261
3260
3256
3253
3250
3250
3259
3258
3258
3243
3229
3214
3212
3235
3267
3308
3345
3367
3383
3397
3413
3429
3442
3433
3401
3349
3279
3216
3167
3143
3132
3130
3116
3092
3058
3023
3008
3011
3052
3092
3141
3154
3147
3111
3082
3081
3102
3147
3181
3183
3148
3090
3032
3007
3026
3076
3114
3123
3081
3010
2948
2926
2964
3031
3108
3152
3156
3123
3096
3116
3147
3212
3236
3213
3146
3060
3002
3006
3030
3077
3084
3037
2972
2906
2895
2922
2978
3004
2991
2941
2924
2962
3087
3257
3401
3463
3420
3302
3180
3105
3099
3150
3182
3184
3112
3020
2936
2893
2903
2946
2982
3006
2999
2992
2999
3023
3077
3126
3170
3183
3172
3173
3152
3158
3169
3171
3168
3143
3104
3076
3042
3048
3061
3070
3082
3063
3045
3021
3021
3049
3089
3140
3171
3182
3173
3159
3140
3146
3160
3167
3194
3195
3193
3193
3173
3179
3153
3149
3146
3141
3147
3160
3163
3164
3163
3152
3163
3167
3194
3210
3212
3206
3181
3160
3147
3155
3179
3184
3179
3151
3117
3097
3095
3137
3174
3201
3203
3157
3114
3085
3087
3133
3187
3227
3227
3192
3149
3115
3112
3156
3207
3248
3264
3240
3198
3159
3133
3143
3155
3172
3181
3162
3134
3117
3097
3106
3133
3155
3193
3209
3211
3203
3175
3156
3157
3170
3201
3234
3265
3261
3244
3217
3192
3172
3167
3160
3145
3131
3119
3101
3111
3119
3127
3121
3096
3072
3043
3055
3088
3145
3200
3241
3236
3210
3156
3116
3091
3090
3106
3121
3127
3130
3127
3127
3134
3157
3155
3153
3133
3105
3095
3096
3116
3154
3168
3172
3169
3146
3160
3177
3233
3283
3309
3316
3277
3220
3186
3162
3172
3210
3218
3212
3164
3095
3021
2963
2939
2958
2978
3014
3036
3040
3042
3036
3055
3078
3110
3142
3150
3145
3127
3105
3083
3075
3065
3052
3036
3031
3017
3024
3034
3043
3041
3026
3005
2993
2989
3012
3050
3080
3105
3108
3098
3093
3088
3103
3112
3112
3101
3066
3031
3018
3012
3037
3067
3098
3106
3100
3084
3073
3072
3078
3100
3112
3119
3115
3106
3106
3107
3122
3137
3143
3141
3119
3090
3065
3053
3049
3073
3098
3126
3141
3146
3141
3126
3121
3115
3109
3111
3111
3107
3106
3100
3104
3105
3108
3117
3128
3137
3152
3166
3172
3178
3177
3166
3155
3143
3129
3117
3107
3094
3084
3079
3074
3081
3089
3104
3125
3135
3160
3167
3172
3172
3165
3161
3160
3167
3182
3192
3190
3179
3146
3113
3077
3059
3055
3068
3088
3114
3125
3139
3148
3150
3158
3164
3163
3158
3151
3137
3131
3122
3122
3125
3122
3124
3116
3100
3088
3074
3064
3065
3068
3081
3086
3093
3095
3093
3093
3104
3121
3141
3168
3178
3182
3167
3153
3134
3121
3117
3121
3122
3122
3119
3106
3098
3089
3082
3079
3075
3072
3074
3074
3080
3092
3097
3103
3107
3102
3104
3111
3119
3133
3144
3142
3140
3122
3105
3091
3078
3080
3083
3087
3094
3095
3094
3089
3087
3085
3087
3090
3096
3100
3099
3096
3087
3075
3069
3063
3061
3067
3070
3077
3075
3074
3069
3059
3053
3053
3052
3061
3073
3079
3092
3094
3096
3099
3101
3106
3119
3119
3118
3102
3071
3039
3011
2995
3006
3032
3067
3105
3132
3151
3160
3165
3175
3183
3188
3191
3180
3161
3136
3109
3085
3064
3041
3029
3012
3000
3004
3007
3023
3046
3066
3087
3104
3118
3133
3146
3158
3172
3173
3173
3167
3153
3143
3130
3116
3102
3089
3073
3066
3062
3068
3083
3096
3112
3121
3125
3130
3133
3138
3144
3151
3152
3148
3135
3123
3106
3092
3089
3086
3090
3097
3104
3111
3114
3114
3119
3117
3118
3124
3124
3128
3125
3120
3112
3104
3093
3088
3080
3076
3075
3071
3073
3075
3078
3084
3090
3093
3097
3098
3095
3094
3090
3088
3085
3081
3080
3079
3077
3076
3076
3075
3074
3074
3074
3075
3074
3075
3073
3069
3067
3066
3068
3074
3080
3086
3089
3087
3084
3080
3077
3079
3081
3083
3083
3081
3079
3079
3083
3092
3102
3109
3112
3109
3103
3099
3096
3097
3100
3100
3100
3096
3090
3086
3085
3085
3084
3081
3075
3071
3068
3070
3078
3088
3095
3096
3090
3081
3073
3068
3071
3078
3084
3089
3090
3089
3087
3086
3088
3090
3091
3091
3089
3086
3084
3082
3081
3081
3082
3083
3087
3092
3099
3106
3112
3117
3118
3118
3118
3118
3120
3123
3124
3123
3118
3110
3102
3096
3095
3100
3109
3119
3128
3133
3136
3135
3134
3133
3131
3129
3127
3125
3125
3125
3126
3126
3125
3123
3121
3122
3125
3130
3136
3141
3146
3148
3150
3153
3156
3158
3159
3154
3147
3136
3127
3121
3119
3121
3126
3131
3135
3137
3137
3134
3130
3127
3125
3126
3132
3140
3151
3161
3168
3171
3171
3168
3164
3159
3155
3151
3145
3138
3132
3125
3121
3121
3123
3127
3131
3134
3135
3135
3135
3136
3138
3140
3141
3139
3134
3128
3123
3121
3123
3129
3135
3139
3139
3135
3129
3124
3122
3125
3130
3135
3138
3135
3127
3118
3110
3105
3104
3106
3108
3108
3104
3099
3094
3091
3092
3094
3097
3098
3096
3093
3091
3089
3090
3093
3094
3095
3094
3094
3094
3094
3094
3092
3089
3085
3082
3081
3082
3083
3083
3081
3077
3073
3072
3072
3074
3076
3077
3077
3075
3076
3079
3085
3091
3097
3099
3098
3095
3093
3091
3090
3089
3088
3085
3082
3080
3079
== FIN EXPORT ==
