== DEBUT ENREGISTREMENT ==
== FIN ENREGISTREMENT ==
== EXPORT VERS AUDACITY ==
0
0
11
36
53
46
23
0
0
17
60
90
79
24
0
0
0
88
167
152
23
0
0
0
388
1143
2009
2765
3243
3392
3297
3107
2969
2948
3028
3128
3184
3164
3095
3027
2997
3012
3047
3073
3071
3044
3012
2993
2997
3019
3050
3084
3085
3108
3124
3128
3134
3136
3146
3151
3157
3153
3148
3140
3134
3128
3127
3122
3115
3106
3097
3090
3089
3085
3084
3076
3070
3063
3064
3072
3086
3102
3117
3122
3124
3119
3117
3115
3123
3130
3142
3150
3155
3153
3149
3141
3134
3125
3120
3112
3109
3105
3101
3099
3094
3091
3089
3088
3092
3097
3109
3117
3127
3133
3138
3140
3141
3140
3139
3138
3138
3139
3140
3143
3144
3145
3143
3142
3143
3143
3142
3140
3133
3125
3117
3114
3115
3124
3127
3132
3127
3118
3109
3099
3098
3096
3100
3102
3102
3104
3108
3113
3120
3127
3131
3132
3132
3130
3131
3131
3137
3145
3158
3168
3176
3178
3172
3162
3151
3143
3143
3145
3153
3158
3159
3156
3152
3150
3148
3146
3140
3129
3114
3102
3094
3095
3101
3110
3113
3113
3105
3103
3103
3109
3119
3129
3136
3138
3140
3141
3144
3149
3151
3152
3149
3145
3144
3142
3145
3142
3141
3135
3130
3126
3124
3124
3127
3128
3131
3136
3141
3145
3149
3145
3141
3134
3131
3132
3138
3145
3149
3148
3142
3137
3134
3137
3141
3145
3145
3139
3131
3123
3120
3120
3123
3128
3129
3130
3133
3134
3140
3143
3145
3142
3138
3134
3134
3136
3142
3144
3146
3142
3139
3134
3131
3129
3127
3122
3117
3111
3107
3104
3104
3105
3107
3106
3108
3109
3113
3119
3124
3129
3131
3131
3130
3127
3123
3120
3115
3111
3110
3109
3111
3111
3108
3104
3097
3092
3088
3089
3093
3096
3101
3102
3103
3104
3106
3110
3114
3115
3116
3115
3115
3114
3118
3118
3120
3118
3116
3111
3108
3104
3103
3100
3099
3096
3094
3091
3091
3092
3095
3098
3101
3105
3107
3106
3103
3095
3088
3082
3079
3080
3085
3088
3091
3089
3088
3087
3091
3097
3107
3114
3120
3121
3122
3120
3120
3121
3120
3118
3114
3110
3106
3106
3106
3107
3108
3105
3101
3096
3093
3090
3090
3088
3090
3091
3097
3102
3112
3118
3122
3122
3118
3113
3110
3113
3117
3121
3124
3122
3118
3113
3111
3111
3115
3120
3123
3123
3121
3116
3115
3114
3117
3120
3122
3123
3121
3117
3114
3112
3111
3113
3116
3120
3122
3124
3124
3125
3124
3125
3125
3124
3123
3120
3118
3116
3118
3120
3124
3125
3126
3123
3123
3122
3123
3124
3122
3120
3114
3109
3108
3110
3114
3119
3121
3120
3117
3115
3115
3118
3121
3122
3119
3113
3106
3101
3100
3103
3107
3111
3112
3112
3109
3108
3107
3108
3110
3113
3114
3115
3111
3107
3102
3098
3097
3097
3101
3103
3102
3100
3094
3089
3086
3086
3089
3090
3092
3090
3090
3090
3090
3094
3097
3099
3101
3104
3107
3113
3120
3127
3132
3134
3132
3129
3124
3119
3114
3112
3110
3111
3112
3116
3116
3116
3112
3109
3105
3103
3102
3104
3104
3105
3106
3108
3111
3117
3122
3126
3126
3125
3122
3122
3124
3127
3128
3128
3125
3122
3121
3120
3122
3122
3121
3117
3114
3112
3114
3117
3121
3123
3122
3119
3117
3115
3116
3118
3118
3118
3117
3117
3118
3120
3122
3123
3122
3121
3121
3124
3126
3129
3129
3128
3126
3124
3125
3127
3129
3131
3129
3127
3126
3129
3134
3141
3146
3149
3148
3146
3141
3138
3136
3134
3135
3137
3139
3141
3142
3141
3138
3136
3135
3138
3141
3144
3143
3140
3135
3131
3131
3135
3141
3145
3146
3144
3139
3137
3137
3141
3145
3148
3146
3144
3140
3140
3143
3147
3149
3148
3143
3138
3134
3135
3139
3145
3148
3149
3145
3139
3134
3132
3133
3138
3144
3146
3147
3144
3141
3138
3139
3141
3145
3149
3151
3153
3152
3152
3151
3150
3148
3147
3145
3144
3144
3144
3144
3144
3142
3140
3138
3138
3138
3140
3141
3142
3140
3139
3139
3139
3142
3145
3148
3149
3148
3146
3145
3145
3146
3147
3148
3145
3142
3137
3134
3132
3132
3133
3133
3134
3133
3132
3132
3133
3134
3134
3133
3131
3129
3128
3128
3129
3129
3128
3126
3123
3121
3120
3122
3125
3127
3127
3125
3122
3121
3121
3124
3128
3133
3136
3138
3137
3135
3133
3131
3128
3126
3126
3127
3129
3132
3134
3133
3130
3127
3125
3125
3127
3130
3132
3132
3129
3125
3122
3119
3118
3120
3122
3126
3127
3128
3127
3125
3123
3121
3122
3125
3129
3132
3133
3131
3127
3123
3121
3122
3125
3129
3131
3130
3127
3122
3118
3116
3117
3119
3122
3124
3124
3123
3122
3121
3122
3124
3126
3127
3125
3122
3118
3115
3114
3116
3120
3124
3127
3128
3127
3125
3123
3122
3122
3124
3128
3132
3136
3139
3139
3137
3133
3127
3123
3121
3121
3123
3126
3128
3129
3129
3130
3130
3132
3133
3133
3132
3131
3129
3128
3128
3129
3129
3129
3128
3127
3125
3124
3124
3126
3128
3130
3131
3131
3130
3129
3127
3125
3124
3123
3123
3122
3120
3118
3116
3114
3113
3115
3117
3120
3121
3121
3119
3117
3116
3118
3121
3124
3124
3121
3114
3107
3103
3103
3107
3112
3116
3116
3112
3105
3099
3095
3095
3097
3099
3100
3099
3096
3092
3090
3090
3092
3096
3100
3102
3103
3100
3095
3089
3083
3081
3082
3085
3090
3094
3096
3095
3093
3090
3089
3088
3091
3095
3100
3106
3109
3111
3110
3108
3104
3101
3100
3100
3100
3100
3100
3100
3101
3103
3105
3107
3107
3106
3103
3102
3102
3104
3107
3111
3113
3114
3112
3108
3104
3099
3096
3094
3094
3096
3100
3103
3105
3107
3107
3108
3111
3115
3120
3124
3128
3130
3132
3133
3134
3136
3138
3139
3136
3131
3125
3120
3118
3120
3126
3132
3136
3135
3133
3131
3131
3136
3142
3147
3148
3145
3138
3132
3131
3135
3141
3148
3151
3150
3146
3141
3139
3140
3142
3144
3144
3141
3138
3135
3135
3137
3140
3143
3145
3143
3140
3137
3135
3135
3138
3142
3146
3149
3151
3152
3153
3154
3153
3151
3147
3143
3140
3140
3142
3145
3146
3145
3140
3135
3130
3130
3133
3139
3144
3146
3145
3142
3138
3136
3136
3138
3140
3141
3141
3141
3141
3141
3142
3141
3140
3137
3134
3131
3131
3132
3135
3137
3134
3134
3128
3121
3126
3137
3134
3118
3108
3100
3113
3124
3146
3154
3143
3115
3098
3103
3134
3180
3196
3148
3056
2959
2912
2958
3082
3224
3308
3279
3148
2989
2885
2897
3019
3185
3310
3341
3289
3204
3155
3178
3260
3356
3417
3426
3396
3355
3324
3301
3265
3195
3090
2977
2879
2817
2801
2813
2826
2834
2861
2904
2973
3038
3107
3154
3180
3191
3212
3246
3287
3330
3352
3339
3312
3278
3246
3223
3198
3167
3128
3080
3033
3000
2982
2978
2988
3002
3018
3039
3070
3106
3148
3187
3218
3235
3239
3236
3230
3223
3216
3208
3193
3171
3144
3115
3088
3070
3057
3051
3049
3047
3046
3050
3059
3071
3083
3092
3099
3105
3113
3128
3149
3170
3189
3198
3200
3194
3185
3177
3168
3159
3149
3139
3131
3127
3131
3141
3155
3166
3172
3171
3165
3157
3149
3145
3144
3145
3147
3150
3153
3156
3161
3168
3173
3178
3178
3171
3161
3147
3134
3130
3131
3141
3152
3161
3165
3160
3152
3141
3132
3125
3115
3104
3091
3079
3071
3067
3069
3074
3080
3087
3091
3095
3099
3104
3111
3120
3134
3153
3174
3196
3213
3221
3220
3210
3195
3179
3165
3152
3137
3118
3095
3070
3050
3038
3034
3037
3043
3050
3055
3059
3065
3073
3085
3099
3112
3123
3130
3137
3142
3148
3153
3157
3156
3151
3143
3134
3127
3124
3122
3119
3112
3099
3084
3068
3057
3053
3056
3065
3075
3085
3093
3098
3103
3107
3110
3114
3119
3124
3126
3127
3122
3114
3105
3096
3092
3091
3093
3094
3093
3091
3090
3092
3099
3106
3112
3113
3108
3099
3090
3085
3084
3087
3089
3092
3094
3094
3092
3089
3083
3077
3070
3067
3068
3074
3082
3090
3097
3104
3112
3121
3130
3137
3141
3140
3138
3136
3135
3133
3130
3124
3114
3104
3097
3094
3096
3098
3098
3093
3086
3079
3074
3074
3075
3075
3075
3071
3070
3071
3075
3081
3086
3091
3094
3097
3101
3108
3115
3122
3129
3137
3147
3159
3171
3180
3184
3183
3176
3167
3158
3151
3146
3140
3135
3130
3126
3125
3126
3130
3133
3133
3132
3131
3133
3139
3148
3157
3162
3160
3151
3139
3128
3122
3121
3125
3131
3138
3144
3148
3150
3147
3139
3128
3115
3104
3100
3103
3110
3118
3121
3119
3111
3104
3101
3104
3114
3126
3136
3141
3140
3135
3131
3129
3131
3135
3140
3144
3146
3145
3141
3138
3136
3133
3132
3131
3130
3127
3124
3121
3119
3118
3119
3120
3121
3122
3124
3128
3135
3142
3146
3146
3143
3137
3133
3131
3131
3131
3129
3125
3120
3117
3116
3117
3119
3118
3112
3107
3104
3107
3115
3126
3132
3133
3128
3120
3115
3114
3117
3120
3118
3112
3104
3095
3090
3090
3091
3094
3095
3094
3093
3092
3093
3094
3096
3099
3102
3103
3101
3096
3088
3079
3071
3071
3079
3091
3104
3112
3114
3112
3109
3109
3114
3125
3136
3142
3142
3137
3130
3124
3121
3122
3126
3128
3125
3119
3109
3096
3083
3072
3064
3060
3060
3063
3069
3077
3083
3087
3088
3090
3092
3096
3101
3108
3115
3119
3122
3124
3124
3122
3119
3117
3115
3113
3111
3111
3108
3104
3099
3094
3094
3095
3101
3109
3117
3126
3133
3138
3143
3146
3145
3138
3127
3116
3108
3106
3110
3118
3127
3132
3134
3132
3129
3129
3129
3130
3130
3128
3123
3120
3119
3123
3129
3136
3140
3142
3141
3137
3134
3133
3132
3132
3132
3129
3124
3117
3109
3104
3102
3104
3109
3116
3121
3121
3118
3116
3116
3120
3129
3137
3142
3141
3135
3125
3118
3117
3124
3133
3142
3148
3147
3140
3131
3122
3113
3106
3100
3095
3091
3089
3088
3089
3093
3096
3098
3100
3100
3098
3095
3093
3092
3095
3099
3105
3109
3108
3103
3098
3096
3102
3113
3124
3131
3130
3118
3100
3084
3075
3076
3082
3092
3100
3104
3104
3101
3100
3099
3099
3096
3091
3086
3084
3083
3085
3088
3091
3092
3092
3094
3097
3102
3106
3107
3106
3104
3104
3107
3113
3120
3124
3122
3118
3111
3107
3105
3107
3109
3108
3104
3100
3099
3101
3105
3109
3112
3112
3110
3110
3113
3121
3130
3136
3140
3140
3137
3135
3136
3139
3143
3145
3143
3137
3128
3119
3110
3104
3101
3100
3100
3099
3099
3098
3098
3099
3103
3111
3120
3130
3139
3144
3145
3144
3141
3139
3136
3133
3130
3127
3123
3122
3123
3125
3127
3128
3125
3119
3113
3108
3105
3106
3110
3116
3123
3129
3133
3138
3141
3145
3149
3153
3155
3155
3154
3152
3152
3154
3156
3157
3153
3145
3134
3125
3121
3125
3133
3143
3148
3147
3139
3130
3122
3120
3124
3132
3140
3146
3148
3147
3145
3142
3139
3137
3137
3138
3142
3147
3151
3151
3148
3141
3135
3131
3132
3134
3138
3139
3137
3133
3130
3130
3133
3137
3139
3138
3132
3125
3119
3116
3118
3123
3129
3133
3135
3135
3133
3132
3133
3135
3137
3141
3144
3146
3147
3144
3140
3136
3134
3135
3136
3138
3135
3125
3114
3103
3097
3098
3105
3114
3119
3118
3113
3110
3110
3117
3125
3132
3134
3130
3123
3117
3116
3119
3123
3125
3122
3114
3107
3102
3104
3110
3116
3120
3118
3112
3105
3102
3103
3110
3120
3129
3135
3139
3140
3138
3135
3132
3132
3136
3140
3145
3147
3148
3145
3142
3139
3139
3139
3139
3138
3135
3131
3127
3123
3119
3117
3115
3116
3120
3128
3137
3144
3147
3145
3139
3132
3128
3130
3135
3143
3149
3151
3149
3145
3141
3138
3138
3139
3142
3144
3144
3144
3143
3141
3139
3138
3137
3136
3135
3135
3135
3134
3133
3132
3130
3129
3129
3131
3134
3140
3143
3145
3145
3141
3136
3132
3131
3132
3136
3141
3145
3148
3150
3152
3152
3151
3149
3146
3143
3142
3143
3144
3145
3146
3146
3145
3144
3145
3145
3145
3144
3144
3143
3144
3146
3148
3150
3151
3151
3151
3151
3151
3150
3148
3145
3141
3137
3135
3134
3133
3132
3129
3125
3122
3120
3119
3119
3120
3122
3127
3132
3138
3144
3148
3151
3154
3158
3163
3168
3170
3167
3160
3149
3141
3137
3139
3144
3150
3153
3152
3148
3142
3136
3134
3134
3136
3141
3146
3151
3155
3156
3155
3152
3148
3144
3143
3142
3142
3141
3140
3138
3137
3137
3139
3141
3142
3143
3144
3145
3147
3148
3149
3147
3144
3139
3134
3132
3130
3131
3132
3132
3131
3128
3124
3120
3118
3118
3119
3122
3124
3126
3127
3127
3125
3123
3122
3121
3123
3127
3133
3139
3144
3144
3139
3132
3123
3115
3109
3105
3102
3101
3102
3104
3108
3112
3114
3115
3113
3111
3110
3112
3116
3122
3127
3132
3134
3133
3132
3130
3128
3127
3127
3129
3131
3132
3130
3126
3121
3116
3114
3115
3116
3117
3117
3113
3111
3111
3117
3126
3136
3143
3146
3143
3138
3134
3132
3133
3135
3137
3137
3135
3132
3131
3129
3128
3127
3126
3125
3125
3125
3127
3129
3131
3133
3134
3133
3132
3131
3130
3131
3135
3141
3149
3153
3153
3148
3139
3130
3123
3123
3127
3134
3138
3140
3137
3132
3127
3125
3125
3127
3129
3129
3130
3131
3131
3131
3131
3131
3130
3129
3130
3132
3133
3133
3129
3123
3116
3111
3111
3114
3120
3125
3128
3125
3119
3111
3105
3103
3105
3110
3114
3115
3114
3109
3104
3099
3097
3097
3097
3100
3101
3102
3101
3100
3098
3096
3094
3094
3094
3095
3097
3099
3101
3100
3098
3095
3091
3089
3088
3089
3090
3091
3090
3088
3085
3082
3080
3081
3083
3087
3091
3094
3096
3096
3094
3090
3087
3084
3083
3084
3086
3088
3088
3087
3085
3084
3083
3084
3087
3088
3088
3086
3083
3078
3074
3074
3076
3079
3084
3086
3088
3088
3089
3090
3093
3096
3098
3097
3093
3088
3084
3082
3085
3091
3097
3103
3106
3106
3105
3105
3106
3106
3106
3103
3099
3094
3091
3091
3094
3097
3097
3097
3094
3092
3094
3099
3106
3112
3114
3113
3110
3108
3109
3112
3115
3116
3114
3111
3108
3109
3114
3120
3127
3129
3127
3122
3116
3112
3111
3112
3116
3119
3122
3123
3123
3122
3120
3118
3118
3117
3118
3118
3118
3117
3118
3119
3123
3127
3130
3130
3126
3121
3116
3114
3117
3123
3130
3135
3136
3133
3129
3125
3123
3123
3125
3126
3126
3125
3121
3118
3115
3113
3112
3112
3114
3117
3119
3121
3121
3119
3117
3115
3116
3120
3125
3131
3134
3134
3131
3127
3125
3124
3126
3130
3132
3133
3130
3125
3119
3114
3112
3112
3115
3119
3123
3125
3126
3125
3123
3121
3122
3124
3129
3132
3134
3131
3126
3117
3110
3104
3103
3105
3108
3111
3114
3114
3114
3113
3114
3116
3117
3118
3118
3117
3117
3117
3117
3118
3119
3118
3116
3113
3110
3108
3107
3109
3112
3115
3116
3115
3112
3108
3106
3106
3108
3109
3108
3106
3102
3098
3097
3098
3101
3103
3104
3103
3101
3099
3098
3098
3101
3103
3105
3107
3107
3106
3105
3104
3105
3107
3110
3112
3112
3108
3102
3096
3093
3094
3097
3101
3103
3101
3097
3093
3092
3096
3104
3113
3120
3124
3123
3121
3117
3114
3112
3112
3114
3117
3121
3125
3127
3127
3125
3124
3123
3123
3124
3125
3126
3127
3128
3129
3131
3132
3134
3134
3133
3131
3129
3127
3123
3119
3116
3114
3115
3118
3124
3130
3135
3138
3140
3142
3144
3147
3149
3151
3153
3156
3157
3160
3161
3163
3163
3164
3165
3166
3166
3164
3163
3160
3159
3158
3158
3158
3158
3158
3158
3158
3162
3166
3170
3170
3168
3163
3157
3153
3152
3156
3162
3167
3169
3168
3163
3160
3159
3161
3165
3169
3171
3170
3165
3160
3155
3153
3152
3152
3152
3153
3153
3153
3153
3153
3154
3155
3156
3157
3158
3157
3155
3152
3149
3146
3145
3146
3149
3152
3153
3151
3148
3146
3146
3148
3151
3154
3155
3152
3148
3144
3140
3138
3136
3134
3132
3130
3129
3128
3129
3131
3133
3135
3136
3138
3139
3140
3139
3138
3136
3133
3133
3135
3137
3138
3136
3131
3125
3119
3117
3119
3125
3130
3132
3127
3119
3109
3102
3102
3105
3111
3115
3113
3107
3100
3095
3095
3101
3108
3115
3117
3116
3113
3111
3112
3116
3121
3124
3122
3117
3112
3110
3112
3117
3121
3122
3119
3113
3107
3105
3108
3113
3118
3121
3121
3118
3117
3119
3123
3130
3134
3136
3135
3134
3132
3131
3129
3127
3124
3122
3122
3124
3128
3132
3133
3130
3126
3121
3120
3122
3128
3133
3135
3136
3134
3132
3132
3134
3139
3143
3145
3144
3142
3139
3137
3137
3137
3137
3137
3137
3136
3135
3135
3135
3135
3136
3137
3137
3137
3136
3134
3132
3130
3130
3132
3135
3139
3140
3139
3135
3131
3127
3125
3125
3127
3128
3129
3128
3127
3127
3128
3128
3128
3125
3122
3119
3118
3119
3121
3121
3120
3115
3108
3103
3100
3100
3103
3107
3109
3109
3106
3103
3099
3097
3096
3095
3096
3096
3097
3100
3103
3106
3110
3112
3113
3113
3113
3113
3114
3113
3113
3111
3111
3109
3108
3108
3107
3106
3106
3107
3109
3111
3113
3115
3115
3114
3113
3112
3111
3110
3110
3110
3111
3112
3111
3110
3107
3104
3102
3101
3103
3106
3111
3116
3119
3122
3123
3123
3122
3120
3119
3121
3127
3134
3143
3147
3146
3138
3128
3119
3116
3121
3131
3142
3148
3145
3135
3120
3108
3103
3104
3109
3116
3120
3122
3122
3123
3126
3130
3134
3137
3136
3136
3135
3135
3136
3136
3134
3130
3124
3118
3114
3112
3113
3115
3117
3119
3121
3123
3125
3127
3127
3126
3125
3126
3129
3134
3139
3141
3140
3137
3133
3130
3131
3136
3140
3143
3142
3138
3132
3128
3125
3124
3123
3121
3119
3117
3116
3116
3120
3124
3128
3130
3132
3134
3137
3139
3139
3137
3133
3128
3125
3127
3132
3138
3142
3143
3141
3139
3140
3145
3153
3160
3163
3162
3156
3149
3144
3143
3144
3145
3146
3146
3146
3147
3149
3152
3154
3153
3150
3146
3144
3145
3148
3153
3156
3157
3155
3153
3151
3151
3154
3159
3162
3163
3161
3154
3146
3139
3134
3132
3132
3134
3134
3133
3131
3129
3128
3130
3134
3138
3142
3143
3144
3143
3144
3148
3152
3155
3155
3150
3144
3138
3135
3137
3142
3146
3148
3146
3140
3133
3130
3130
3133
3137
3141
3141
3139
3136
3134
3133
3133
3134
3135
3136
3138
3140
3143
3147
3149
3150
3149
3144
3136
3127
3120
3115
3113
3114
3115
3116
3116
3115
3113
3115
3118
3122
3125
3126
3124
3120
3118
3118
3122
3127
3132
3131
3127
3119
3114
3111
3114
3120
3128
3135
3140
3143
3145
3147
3149
3150
3150
3149
3149
3151
3155
3159
3161
3160
3154
3146
3137
3132
3132
3136
3141
3145
3146
3142
3137
3133
3134
3138
3145
3152
3156
3155
3151
3146
3143
3144
3147
3150
3150
3147
3141
3135
3133
3136
3143
3151
3156
3156
3150
3143
3136
3135
3139
3146
3154
3157
3157
3153
3149
3146
3148
3153
3159
3164
3166
3166
3163
3159
3156
3154
3152
3151
3151
3152
3154
3157
3160
3163
3164
3162
3160
3157
3156
3156
3159
3163
3166
3168
3169
3166
3163
3160
3159
3161
3163
3164
3164
3162
3157
3153
3150
3150
3152
3155
3157
3158
3156
3152
3146
3141
3137
3136
3137
3140
3142
3143
3142
3140
3139
3139
3140
3142
3143
3142
3140
3139
3139
3141
3146
3149
3150
3147
3141
3135
3130
3126
3124
3122
3120
3117
3116
3116
3120
3125
3130
3131
3128
3123
3119
3118
3120
3126
3131
3131
3128
3120
3111
3103
3099
3098
3099
3100
3101
3101
3102
3104
3106
3107
3105
3102
3098
3095
3095
3095
3094
3091
3085
3079
3075
3075
3079
3085
3089
3088
3082
3076
3072
3074
3081
3092
3101
3105
3102
3093
3084
3076
3072
3073
3076
3080
3082
3080
3077
3071
3065
3061
3060
3063
3068
3076
3081
3084
3082
3078
3072
3067
3064
3064
3065
3065
3065
3065
3065
3067
3069
3074
3078
3082
3085
3086
3086
3084
3081
3079
3079
3080
3085
3090
3096
3098
3097
3094
3091
3089
3089
3090
3093
3095
3096
3099
3102
3107
3110
3111
3110
3108
3107
3110
3117
3126
3135
3139
3137
3131
3125
3122
3126
3135
3146
3155
3158
3154
3147
3138
3131
3128
3127
3128
3127
3124
3119
3115
3113
3114
3115
3114
3111
3106
3101
3099
3101
3106
3111
3114
3114
3113
3111
3112
3115
3119
3120
3120
3119
3118
3121
3125
3129
3131
3127
3119
3111
3106
3106
3112
3121
3128
3133
3134
3132
3128
3122
3116
3109
3103
3100
3099
3100
3103
3105
3105
3103
3100
3098
3098
3100
3103
3106
3109
3112
3116
3120
3124
3127
3128
3128
3126
3124
3122
3122
3123
3127
3133
3139
3142
3139
3131
3118
3105
3097
3095
3100
3106
3111
3112
3109
3105
3104
3106
3111
3116
3119
3118
3117
3116
3119
3125
3132
3137
3139
3138
3136
3134
3133
3134
3134
3135
3136
3137
3137
3137
3136
3134
3131
3128
3127
3126
3127
3127
3128
3128
3129
3129
3128
3126
3122
3117
3114
3116
3120
3127
3133
3137
3138
3136
3135
3135
3137
3141
3143
3145
3145
3145
3146
3147
3148
3147
3146
3142
3137
3133
3130
3130
3132
3135
3139
3142
3144
3143
3141
3137
3134
3131
3131
3132
3135
3138
3141
3143
3144
3144
3145
3147
3151
3156
3161
3165
3167
3166
3162
3159
3156
3155
3154
3155
3155
3154
3156
3156
3158
3160
3161
3160
3158
3155
3152
3150
3150
3151
3153
3155
3154
3153
3149
3148
3149
3153
3157
3160
3161
3157
3151
3144
3139
3137
3138
3137
3135
3131
3126
3124
3126
3131
3136
3139
3137
3130
3122
3117
3118
3124
3131
3134
3131
3122
3110
3102
3100
3103
3110
3112
3110
3102
3094
3090
3092
3098
3103
3104
3099
3091
3083
3079
3081
3083
3082
3079
3072
3068
3071
3080
3095
3106
3109
3100
3085
3070
3062
3064
3074
3085
3089
3086
3076
3065
3059
3059
3065
3073
3080
3083
3084
3083
3084
3085
3088
3087
3082
3074
3064
3056
3053
3056
3062
3070
3076
3080
3082
3084
3085
3087
3088
3088
3087
3083
3081
3079
3079
3081
3082
3084
3085
3085
3085
3085
3084
3084
3087
3091
3095
3099
3100
3100
3096
3092
3089
3089
3093
3098
3104
3108
3110
3110
3111
3113
3117
3120
3122
3122
3120
3118
3118
3120
3123
3125
3126
3125
3124
3126
3132
3141
3151
3157
3159
3157
3153
3151
3154
3160
3167
3171
3169
3165
3159
3155
3155
3157
3160
3160
3156
3149
3144
3142
3144
3151
3158
3163
3165
3164
3163
3162
3165
3169
3174
3176
3174
3168
3160
3152
3148
3147
3149
3151
3153
3152
3150
3146
3146
3147
3151
3155
3159
3159
3157
3151
3146
3143
3143
3146
3152
3157
3162
3164
3164
3163
3161
3159
3157
3155
3153
3150
3148
3146
3144
3144
3145
3148
3152
3157
3162
3165
3165
3162
3158
3154
3150
3146
3144
3144
3144
3146
3148
3148
3147
3142
3137
3133
3132
3134
3139
3144
3147
3147
3145
3142
3142
3145
3150
3155
3156
3152
3146
3139
3134
3134
3136
3138
3141
3140
3138
3135
3134
3134
3135
3136
3134
3129
3121
3113
3109
3110
3117
3129
3139
3147
3149
3144
3136
3126
3118
3115
3114
3115
3116
3116
3115
3114
3112
3113
3116
3119
3124
3128
3131
3132
3130
3125
3120
3116
3115
3118
3124
3130
3136
3139
3140
3139
3136
3132
3128
3122
3116
3111
3108
3108
3109
3110
3110
3107
3105
3104
3105
3107
3110
3112
3111
3110
3111
3113
3117
3122
3127
3130
3132
3132
3132
3132
3132
3133
3133
3132
3131
3130
3128
3125
3122
3120
3121
3122
3126
3128
3129
3128
3124
3120
3117
3117
3120
3124
3129
3134
3140
3144
3146
3145
3141
3136
3133
3133
3137
3145
3151
3154
3153
3148
3142
3139
3141
3148
3158
3167
3172
3172
3169
3163
3158
3156
3157
3160
3164
3167
3167
3164
3158
3151
3146
3143
3143
3144
3148
3151
3155
3159
3162
3162
3158
3151
3143
3136
3133
3134
3138
3141
3142
3139
3134
3129
3126
3125
3126
3125
3122
3119
3117
3114
3114
3115
3117
3119
3122
3124
3125
3123
3121
3118
3117
3119
3124
3129
3132
3131
3128
3125
3124
3127
3132
3137
3139
3138
3134
3129
3123
3117
3110
3104
3100
3100
3104
3109
3109
3104
3095
3087
3085
3093
3109
3126
3136
3135
3125
3113
3105
3106
3116
3126
3133
3131
3123
3114
3110
3112
3120
3127
3131
3129
3121
3112
3104
3100
3098
3097
3091
3083
3073
3064
3058
3057
3060
3065
3069
3073
3075
3077
3078
3082
3082
3082
3078
3073
3069
3068
3069
3071
3073
3073
3073
3073
3076
3081
3087
3094
3099
3103
3106
3110
3111
3110
3105
3096
3086
3078
3077
3082
3091
3101
3110
3114
3116
3116
3113
3110
3105
3100
3094
3091
3092
3098
3107
3116
3123
3125
3125
3122
3120
3119
3120
3122
3123
3123
3123
3124
3128
3133
3139
3144
3146
3145
3141
3137
3136
3138
3142
3147
3150
3153
3155
3156
3160
3163
3164
3162
3156
3148
3139
3133
3127
3126
3124
3124
3124
3128
3134
3141
3147
3149
3145
3138
3130
3125
3127
3135
3148
3157
3161
3157
3149
3139
3133
3134
3141
3151
3160
3164
3162
3156
3150
3146
3147
3151
3154
3155
3155
3153
3152
3153
3155
3157
3156
3153
3148
3143
3139
3136
3136
3135
3134
3134
3132
3133
3135
3138
3141
3143
3143
3142
3138
3136
3136
3138
3142
3146
3148
3146
3141
3132
3124
3119
3119
3123
3128
3134
3136
3135
3129
3122
3114
3109
3108
3110
3114
3118
3119
3117
3112
3106
3101
3097
3096
3096
3097
3098
3098
3095
3092
3090
3089
3091
3094
3098
3099
3098
3095
3091
3089
3088
3090
3092
3095
3097
3098
3099
3101
3105
3108
3110
3108
3103
3097
3093
3092
3093
3084
3112
3097
3089
3091
3068
3060
3064
3073
3094
3107
3103
3090
3079
3054
3068
3089
3104
3108
3092
3058
3048
3077
3164
3297
3427
3513
3538
3482
3382
3281
3200
3150
3117
3079
3023
2954
2885
2847
2844
2867
2911
2956
2989
3017
3045
3076
3111
3140
3156
3160
3145
3107
3109
3072
3050
3052
3032
3026
3027
3029
3047
3066
3083
3108
3138
3142
3164
3172
3166
3155
3145
3123
3110
3093
3080
3074
3063
3052
3056
3058
3066
3085
3104
3118
3130
3133
3135
3138
3138
3148
3157
3158
3157
3151
3136
3124
3117
3115
3121
3127
3133
3140
3141
3141
3143
3144
3141
3138
3133
3127
3123
3121
3123
3127
3127
3127
3125
3123
3122
3125
3129
3132
3133
3131
3126
3121
3116
3118
3122
3127
3133
3136
3136
3132
3128
3124
3122
3119
3118
3115
3111
3108
3108
3110
3112
3112
3108
3103
3095
3076
3101
3143
3113
3134
3106
3075
3088
3110
3145
3160
3140
3095
3074
3054
3121
3207
3248
3234
3160
3078
3088
3244
3544
3919
4095
4095
4095
4095
4095
4070
4049
4049
4000
3848
3601
3306
3019
2783
2580
2388
2195
1992
1819
1719
1715
1803
1943
2119
2292
2463
2631
2790
2972
3148
3216
3298
3285
3196
3066
2856
2587
2271
1930
1604
1342
1129
1069
1140
1324
1630
2021
2438
2865
3334
3656
3995
4095
4095
4095
4095
4095
4095
4095
3945
3684
3372
3149
2954
2749
2594
2474
2409
2488
2704
3011
3383
3688
3908
4029
4095
4095
4095
4095
4095
4095
4095
4095
4095
4095
4027
3705
3384
3076
2789
2495
2208
1946
1671
1464
1330
1211
1095
944
702
402
205
13
136
475
984
1648
2300
2881
3431
3931
4095
4095
4095
4095
4095
4095
4095
4095
4095
4095
4095
3799
3252
2694
2202
1824
1592
1515
1583
1774
2041
2390
2822
3196
3650
4024
4095
4095
4095
4095
4095
4095
4095
3916
3695
3557
3506
3486
3516
3590
3682
3807
3976
4095
4095
4095
4095
4095
4095
4095
4095
4095
4095
3950
3532
3118
2663
2187
1756
1304
936
644
405
241
113
0
0
0
76
369
788
1296
1862
2437
2990
3526
4031
4095
4095
4095
4095
4095
4095
4095
4095
4095
4095
4095
3757
3310
2864
2465
2161
1942
1818
1798
1876
2029
2298
2629
2915
3292
3586
3848
4095
4095
4095
4095
4095
4095
4095
4087
3961
3845
3706
3590
3506
3419
3392
3420
3476
3593
3708
3803
3884
3929
3932
3921
3892
3847
3766
3649
3480
3294
3081
2865
2667
2480
2303
2124
1941
1785
1657
1551
1497
1450
1418
1385
1352
1343
1387
1480
1624
1810
2001
2204
2404
2612
2837
3086
3337
3600
3840
4055
4095
4095
4095
4095
4095
4095
4095
4095
4008
3803
3603
3429
3277
3155
3067
3005
2981
3003
3035
3112
3194
3293
3378
3455
3500
3534
3550
3536
3519
3482
3441
3386
3335
3286
3262
3260
3281
3334
3411
3514
3628
3760
3891
4017
4095
4095
4095
4095
4095
4014
3858
3652
3415
3140
2862
2595
2361
2160
2009
1892
1808
1758
1753
1799
1895
2032
2178
2316
2419
2483
2518
2544
2571
2609
2651
2683
2703
2701
2692
2692
2720
2785
2895
3044
3220
3418
3617
3815
3999
4095
4095
4095
4095
4095
4095
4095
3983
3798
3620
3450
3301
3161
3039
2933
2859
2828
2844
2889
2947
2999
3046
3111
3218
3385
3613
3865
4090
4095
4095
4095
4095
4095
4081
4012
3941
3852
3750
3627
3509
3396
3284
3178
3069
2963
2863
2786
2724
2681
2647
2608
2565
2520
2462
2422
2372
2326
2273
2218
2167
2116
2065
2009
1947
1874
1805
1754
1730
1750
1814
1910
2035
2176
2332
2508
2696
2909
3132
3362
3591
3806
4002
4095
4095
4095
4095
4095
4095
4095
4095
4049
3867
3673
3473
3276
3093
2940
2814
2746
2708
2722
2759
2833
2925
3044
3184
3340
3507
3669
3820
3944
4044
4095
4095
4095
4087
4002
3875
3721
3554
3372
3193
3015
2841
2674
2527
2410
2318
2270
2241
2227
2228
2230
2243
2280
2325
2369
2396
2373
2308
2205
2095
2010
1971
1978
2022
2087
2166
2262
2381
2556
2758
3014
3270
3537
3777
4000
4095
4095
4095
4095
4095
4095
4095
4095
4095
3986
3792
3595
3400
3219
3064
2936
2846
2795
2793
2840
2936
3065
3216
3363
3501
3616
3727
3827
3922
4022
4089
4095
4095
4086
4029
3947
3865
3762
3654
3520
3381
3248
3135
3045
2960
2899
2813
2734
2663
2608
2575
2572
2567
2546
2516
2464
2420
2388
2373
2357
2333
2273
2184
2087
2002
1957
1963
2023
2118
2237
2369
2508
2666
2838
3047
3270
3504
3739
3952
4095
4095
4095
4095
4095
4095
4095
4095
4024
3851
3646
3467
3303
3168
3056
2967
2890
2824
2821
2868
2986
3159
3332
3478
3580
3625
3639
3665
3703
3753
3788
3796
3765
3721
3678
3648
3637
3605
3530
3402
3234
3060
2915
2796
2713
2646
2559
2475
2399
2342
2342
2365
2396
2423
2434
2421
2412
2403
2383
2345
2275
2176
2071
1996
1964
1996
2075
2189
2313
2446
2583
2734
2906
3095
3292
3484
3658
3809
3927
4002
4052
4059
4022
3956
3851
3707
3548
3370
3206
3083
3002
2980
3007
3068
3151
3230
3325
3433
3546
3668
3804
3913
4002
4048
4049
4020
3942
3837
3707
3568
3414
3257
3127
3004
2899
2813
2729
2662
2594
2539
2495
2475
2444
2414
2386
2330
2269
2200
2128
2064
1997
1915
1837
1745
1657
1604
1605
1662
1794
1972
2190
2428
2651
2881
3089
3290
3479
3650
3799
3919
3995
4021
4008
3932
3828
3695
3549
3414
3276
3166
3081
3031
3019
3043
3122
3228
3349
3485
3606
3722
3809
3884
3944
3983
3996
3982
3945
3866
3764
3638
3504
3370
3248
3144
3064
3015
2968
2940
2913
2874
2827
2772
2708
2630
2540
2443
2329
2201
2063
1927
1796
1678
1577
1490
1417
1354
1315
1308
1345
1445
1606
1816
2060
2318
2575
2813
3039
3250
3441
3612
3752
3858
3915
3933
3912
3857
3778
3681
3576
3464
3356
3263
3190
3148
3145
3178
3247
3358
3477
3613
3746
3862
3960
4036
4083
4095
4095
4080
4039
3975
3888
3792
3686
3570
3459
3352
3254
3177
3100
3044
2986
2928
2868
2815
2759
2712
2679
2634
2592
2531
2450
2356
2258
2163
2087
2027
1977
1938
1892
1859
1849
1872
1951
2085
2255
2450
2648
2837
3019
3197
3378
3565
3745
3911
4048
4095
4095
4095
4095
4095
4086
4008
3921
3837
3758
3685
3626
3576
3547
3536
3533
3558
3591
3636
3690
3754
3818
3877
3929
3963
3981
3973
3952
3916
3866
3807
3735
3647
3544
3440
3326
3221
3125
3036
2961
2890
2825
2769
2719
2680
2660
2649
2650
2657
2657
2649
2630
2601
2568
2538
2508
2485
2469
2454
2447
2447
2459
2482
2519
2567
2635
2717
2816
2938
3070
3210
3346
3471
3584
3679
3762
3835
3888
3919
3925
3902
3857
3799
3732
3670
3606
3546
3487
3424
3368
3324
3292
3278
3285
3299
3322
3348
3373
3395
3410
3421
3418
3402
3375
3343
3298
3251
3200
3140
3090
3029
2986
2947
2917
2895
2875
2856
2849
2847
2856
2883
2905
2922
2931
2927
2923
2922
2933
2949
2967
2973
2971
2962
2951
2953
2965
2992
3027
3064
3110
3154
3199
3255
3302
3347
3395
3433
3476
3517
3554
3586
3608
3625
3632
3638
3638
3638
3627
3606
3587
3559
3543
3521
3511
3491
3470
3437
3400
3360
3329
3306
3291
3294
3293
3294
3295
3281
3267
3251
3242
3238
3240
3242
3241
3235
3219
3208
3199
3199
3205
3205
3200
3180
3148
3116
3084
3059
3051
3042
3034
3020
2998
2976
2954
2942
2944
2950
2961
2973
2982
2994
3016
3049
3089
3131
3163
3177
3184
3179
3182
3190
3206
3226
3238
3247
3250
3254
3267
3281
3296
3306
3307
3294
3280
3269
3259
3258
3260
3255
3246
3231
3214
3195
3181
3170
3165
3162
3162
3160
3162
3164
3165
3169
3172
3178
3184
3188
3192
3182
3170
3154
3138
3128
3121
3119
3114
3104
3086
3065
3048
3033
3026
3021
3018
3014
3007
3003
3004
3007
3011
3011
3004
2996
2988
2984
2992
3003
3014
3027
3043
3062
3090
3126
3162
3189
3206
3211
3210
3209
3214
3221
3226
3223
3211
3193
3173
3159
3149
3141
3130
3117
3105
3101
3111
3131
3154
3173
3180
3176
3166
3158
3159
3166
3175
3176
3167
3149
3129
3112
3104
3102
3101
3097
3086
3074
3062
3056
3058
3063
3070
3071
3068
3062
3051
3041
3033
3028
3029
3034
3042
3048
3053
3051
3043
3033
3028
3028
3037
3050
3064
3074
3080
3086
3094
3107
3125
3145
3163
3176
3185
3192
3199
3207
3215
3218
3217
3209
3198
3185
3174
3167
3162
3157
3149
3139
3126
3115
3108
3109
3118
3131
3141
3145
3140
3130
3118
3110
3107
3109
3114
3117
3116
3110
3104
3100
3099
3100
3101
3099
3094
3086
3080
3076
3075
3073
3068
3060
3050
3042
3038
3039
3047
3054
3060
3063
3064
3065
3072
3081
3092
3098
3099
3094
3088
3084
3084
3090
3098
3107
3114
3120
3127
3136
3148
3161
3174
3185
3194
3201
3208
3212
3213
3211
3203
3191
3177
3162
3148
3135
3123
3113
3103
3094
3087
3083
3082
3085
3090
3098
3107
3116
3124
3133
3141
3144
3144
3138
3128
3114
3101
3092
3085
3081
3076
3067
3055
3040
3027
3019
3018
3022
3028
3035
3037
3037
3038
3039
3042
3047
3051
3053
3054
3055
3057
3062
3068
3075
3080
3081
3083
3085
3091
3099
3109
3119
3127
3135
3141
3147
3151
3154
3154
3152
3150
3148
3147
3145
3141
3133
3122
3109
3098
3089
3084
3083
3082
3082
3083
3085
3090
3097
3105
3112
3118
3122
3123
3124
3125
3122
3119
3112
3103
3093
3082
3073
3065
3060
3057
3057
3058
3060
3061
3061
3061
3061
3065
3073
3082
3090
3096
3097
3095
3093
3092
3093
3095
3095
3093
3089
3084
3080
3078
3079
3079
3078
3077
3074
3072
3071
3073
3076
3079
3081
3083
3086
3089
3095
3102
3108
3113
3116
3118
3120
3121
3122
3120
3115
3108
3100
3092
3086
3083
3081
3079
3077
3075
3073
3073
3076
3082
3088
3096
3100
3102
3101
3097
3094
3093
3093
3094
3094
3091
3085
3077
3070
3065
3066
3071
3079
3087
3092
3095
3096
3097
3101
3107
3114
3120
3123
3122
3119
3117
3115
3113
3112
3111
3108
3106
3105
3105
3105
3103
3101
3097
3095
3094
3096
3100
3105
3109
3110
3109
3108
3109
3109
3111
3111
3110
3108
3105
3102
3102
3102
3103
3105
3106
3107
3108
3108
3106
3103
3098
3094
3091
3092
3094
3097
3099
3097
3093
3087
3081
3077
3076
3078
3080
3083
3085
3086
3085
3084
3082
3080
3079
3079
3081
3084
3088
3091
3092
3092
3091
3091
3091
3093
3093
3092
3090
3088
3086
3085
3085
3085
3084
3082
3080
3081
3083
3087
3090
3092
3090
3086
3082
3080
3080
3081
3082
3080
3077
3072
3066
3062
3060
3058
3058
3057
3057
3058
3061
3065
3071
3077
3083
3087
3089
3091
3092
3092
3090
3088
3084
3080
3077
3074
3073
3072
3071
3071
3070
3069
3068
3070
3072
3076
3081
3086
3091
3095
3098
3101
3102
3103
3103
3104
3105
3107
3108
3109
3107
3102
3095
3088
3084
3083
3086
3091
3094
3095
3092
3088
3086
3088
3094
3104
3113
3117
3117
3114
3110
3108
3109
3112
3114
3113
3109
3104
3100
3099
3101
3104
3106
3109
3111
3114
3120
3126
3132
3135
3135
3132
3130
3130
3131
3134
3136
3136
3134
3131
3128
3125
3123
3121
3119
3117
3117
3117
3118
3118
3118
3117
3117
3118
3119
3121
3122
3121
3119
3116
3115
3116
3119
3122
3124
3123
3120
3115
3111
3109
3109
3112
3115
3117
3117
3115
3113
3110
3109
3109
3110
3112
3114
3116
3118
3119
3119
3119
3117
3115
3114
3113
3113
3114
3114
3114
3114
3112
3112
3112
3113
3115
3118
3121
3124
3127
3121
3135
3139
3142
3131
3121
3109
3112
3119
3131
3134
3131
3113
3103
3106
3130
3159
3177
3163
3125
3085
3073
3099
3226
3327
3424
3436
3386
3300
3211
3157
3131
3126
3114
3102
3088
3098
3124
3141
3153
3111
3060
3036
3069
3201
3385
3576
3719
3771
3734
3638
3538
3411
3371
3325
3295
3255
3238
3230
3235
3223
3218
3207
3205
3214
3222
3278
3303
3326
3299
3257
3222
3198
3238
3293
3431
3499
3570
3540
3470
3355
3234
3129
3051
2995
2951
2915
2880
2869
2876
2919
3003
3096
3193
3278
3338
3395
3441
3474
3505
3516
3499
3458
3397
3281
3195
3086
2996
2908
2850
2806
2777
2764
2787
2835
2893
2943
2951
2977
2954
2956
2948
2967
2991
2971
2927
2843
2764
2697
2702
2725
2789
2845
2891
2909
2918
2919
2941
2969
2992
2992
2959
2932
2899
2892
2892
2892
2897
2900
2906
2901
2904
2915
2931
2961
2994
3026
3061
3077
3084
3056
3030
3016
3029
3082
3138
3169
3144
3070
2985
2938
2948
3006
3074
3109
3088
3032
2966
2937
2959
3006
3060
3088
3085
3069
3063
3069
3104
3124
3145
3148
3139
3135
3127
3116
3100
3073
3048
3054
3074
3108
3126
3117
3116
3129
3173
3241
3304
3333
3315
3247
3175
3115
3098
3111
3119
3111
3073
3018
2988
3006
3070
3159
3229
3250
3231
3198
3178
3201
3251
3309
3352
3352
3308
3237
3152
3098
3093
3136
3221
3293
3336
3329
3281
3230
3192
3189
3226
3273
3297
3292
3243
3186
3153
3163
3224
3282
3303
3268
3175
3076
3009
3009
3076
3167
3230
3231
3162
3066
2994
2966
3002
3057
3097
3110
3096
3091
3119
3178
3226
3234
3182
3094
3015
2991
3031
3109
3169
3177
3118
3037
2981
2984
3035
3096
3131
3117
3077
3049
3056
3087
3108
3081
3006
2918
2867
2890
2967
3040
3063
3010
2916
2844
2846
2928
3050
3135
3140
3075
2985
2936
2956
3021
3076
3070
2991
2880
2797
2795
2873
2990
3080
3098
3044
2953
2885
2875
2920
2988
3039
3049
3019
2982
2965
2987
3030
3067
3077
3041
2962
2873
2801
2773
2801
2874
2964
3047
3094
3102
3080
3048
3034
3052
3093
3131
3147
3124
3077
3035
3033
3084
3165
3242
3272
3234
3145
3055
3005
3015
3076
3148
3193
3193
3161
3129
3125
3152
3198
3236
3250
3248
3244
3254
3274
3287
3271
3222
3150
3086
3060
3079
3126
3177
3207
3212
3203
3203
3228
3274
3319
3345
3337
3296
3244
3209
3198
3215
3252
3281
3288
3278
3250
3219
3194
3183
3183
3178
3167
3152
3134
3121
3127
3144
3162
3163
3140
3094
3045
3015
3020
3059
3119
3170
3199
3208
3210
3223
3257
3307
3355
3382
3387
3377
3365
3364
3375
3383
3372
3331
3266
3193
3134
3104
3102
3114
3128
3131
3119
3104
3100
3113
3144
3197
3248
3288
3310
3310
3288
3254
3226
3216
3228
3257
3292
3312
3306
3269
3215
3158
3117
3106
3120
3150
3179
3195
3197
3194
3194
3206
3223
3237
3231
3200
3148
3093
3058
3058
3090
3134
3164
3164
3137
3104
3098
3129
3186
3234
3235
3174
3072
2985
2960
3021
3137
3249
3290
3232
3103
2971
2907
2943
3053
3166
3211
3157
3034
2915
2875
2937
3076
3216
3283
3246
3129
3001
2926
2940
3023
3123
3181
3170
3103
3024
2975
2980
3023
3071
3092
3074
3033
2998
2996
3029
3082
3121
3128
3095
3045
3006
3002
3038
3098
3156
3184
3175
3139
3100
3080
3092
3129
3173
3201
3202
3179
3146
3121
3114
3126
3142
3148
3136
3112
3091
3085
3100
3130
3160
3176
3175
3162
3152
3157
3178
3208
3232
3241
3233
3217
3205
3203
3210
3214
3206
3183
3153
3127
3115
3118
3128
3133
3127
3111
3097
3098
3116
3145
3173
3186
3180
3159
3136
3124
3128
3147
3171
3190
3196
3191
3176
3157
3139
3125
3116
3114
3119
3128
3139
3150
3160
3170
3184
3202
3220
3236
3243
3242
3237
3238
3246
3264
3284
3293
3287
3264
3233
3207
3194
3193
3197
3194
3179
3151
3118
3089
3067
3052
3035
3010
2976
2936
2900
2871
2851
2837
2821
2802
2781
2766
2761
2768
2785
2806
2827
2848
2875
2910
2955
3006
3058
3104
3144
3181
3223
3275
3339
3414
3491
3562
3616
3649
3661
3661
3660
3666
3684
3707
3727
3731
3714
3676
3627
3572
3512
3440
3351
3245
3127
3017
2925
2861
2813
2766
2699
2603
2481
2355
2246
2175
2144
2137
2120
2061
1939
1763
1578
1451
1453
1618
1934
2328
2706
2982
3121
3151
3148
3188
3315
3517
3740
3923
4034
4088
4095
4095
4095
4095
4095
4095
4095
4095
4095
3997
3932
3908
3894
3865
3811
3746
3681
3632
3591
3561
3524
3488
3448
3408
3359
3286
3178
3030
2858
2684
2540
2441
2380
2329
2243
2083
1831
1517
1203
980
927
1079
1417
1853
2278
2605
2795
2880
2932
3022
3187
3412
3655
3865
4027
4095
4095
4095
4095
4095
4095
4095
4095
3966
3849
3797
3787
3779
3734
3648
3537
3444
3389
3383
3407
3443
3477
3508
3547
3592
3649
3695
3723
3716
3682
3630
3574
3520
3457
3372
3242
3070
2868
2668
2502
2382
2292
2201
2065
1861
1601
1336
1138
1076
1184
1445
1801
2170
2487
2721
2885
3020
3164
3340
3536
3735
3903
4036
4095
4095
4095
4095
4095
4095
4095
3942
3783
3659
3585
3557
3547
3525
3474
3398
3321
3271
3269
3316
3398
3493
3578
3642
3685
3714
3741
3770
3795
3805
3789
3744
3679
3607
3530
3447
3339
3198
3016
2813
2613
2439
2297
2173
2033
1856
1634
1408
1234
1180
1276
1511
1829
2164
2449
2668
2832
2976
3139
3334
3554
3770
3956
4093
4095
4095
4095
4095
4095
4095
3999
3847
3676
3509
3371
3279
3234
3219
3224
3228
3228
3227
3238
3275
3341
3437
3544
3651
3742
3815
3864
3893
3900
3889
3857
3808
3743
3664
3576
3486
3394
3302
3206
3098
2976
2847
2712
2588
2481
2388
2301
2207
2097
1974
1858
1772
1739
1766
1847
1963
2096
2229
2364
2508
2668
2854
3058
3267
3469
3647
3794
3909
3994
4051
4082
4085
4056
3996
3907
3798
3684
3580
3496
3437
3398
3372
3347
3320
3294
3276
3273
3293
3329
3373
3417
3450
3473
3484
3489
3493
3487
3476
3458
3423
3383
3338
3285
3228
3161
3074
2973
2859
2744
2636
2537
2444
2344
2227
2093
1950
1822
1734
1699
1722
1791
1888
2000
2122
2258
2418
2607
2820
3044
3264
3465
3640
3788
3908
4000
4060
4083
4068
4013
3927
3816
3690
3555
3421
3298
3193
3116
3071
3046
3040
3047
3059
3083
3126
3184
3263
3353
3440
3516
3573
3610
3632
3642
3649
3643
3623
3589
3531
3458
3379
3294
3212
3135
3048
2953
2848
2734
2621
2516
2414
2311
2199
2074
1946
1831
1752
1729
1759
1837
1945
2063
2189
2326
2479
2659
2861
3075
3288
3483
3653
3794
3906
3988
4037
4050
4026
3970
3887
3786
3674
3556
3435
3316
3203
3105
3038
2997
2990
3016
3059
3115
3180
3239
3302
3372
3444
3524
3607
3684
3751
3802
3828
3838
3827
3791
3741
3671
3581
3485
3384
3280
3182
3081
2972
2859
2738
2618
2507
2404
2308
2212
2110
2004
1907
1833
1801
1818
1878
1972
2079
2192
2310
2439
2586
2756
2943
3135
3319
3481
3616
3724
3803
3855
3879
3872
3835
3771
3685
3586
3483
3385
3297
3222
3158
3109
3076
3051
3045
3058
3083
3127
3185
3246
3315
3386
3457
3530
3600
3660
3710
3743
3759
3764
3755
3738
3713
3668
3610
3536
3443
3348
3252
3155
3065
2974
2878
2781
2683
2588
2502
2421
2342
2263
2175
2086
2005
1944
1919
1933
1983
2062
2155
2256
2362
2475
2598
2735
2880
3028
3170
3299
3411
3505
3579
3636
3673
3691
3689
3671
3638
3594
3545
3497
3450
3407
3365
3324
3282
3236
3197
3170
3155
3165
3192
3226
3266
3305
3342
3385
3436
3496
3566
3637
3700
3750
3781
3793
3787
3763
3725
3669
3597
3512
3418
3313
3208
3098
2989
2881
2776
2676
2590
2514
2455
2411
2373
2338
2300
2258
2215
2181
2161
2161
2180
2217
2261
2312
2368
2434
2511
2602
2705
2821
2943
3071
3198
3323
3442
3551
3644
3719
3775
3810
3826
3824
3803
3764
3712
3647
3577
3502
3427
3351
3279
3213
3171
3148
3157
3188
3237
3289
3343
3392
3444
3499
3561
3629
3695
3752
3796
3819
3819
3790
3736
3663
3574
3493
3421
3375
3336
3303
3247
3169
3059
2934
2807
2692
2597
2517
2447
2373
2292
2199
2108
2021
1956
1918
1917
1947
2010
2093
2195
2306
2429
2562
2709
2862
3032
3201
3362
3513
3641
3745
3826
3881
3911
3920
3901
3865
3805
3730
3647
3556
3468
3378
3290
3209
3130
3070
3030
3024
3043
3094
3158
3235
3313
3392
3470
3547
3624
3696
3760
3812
3851
3869
3873
3854
3818
3757
3683
3592
3488
3382
3268
3160
3052
2953
2855
2761
2666
2574
2479
2396
2320
2259
2204
2153
2095
2030
1960
1901
1866
1869
1916
2002
2117
2245
2375
2505
2635
2769
2911
3061
3216
3366
3500
3625
3720
3796
3852
3881
3891
3877
3841
3787
3717
3637
3557
3475
3401
3332
3270
3213
3157
3113
3076
3058
3059
3090
3138
3214
3297
3389
3478
3560
3633
3701
3759
3815
3862
3895
3915
3912
3886
3839
3769
3685
3592
3487
3380
3266
3147
3032
2916
2808
2711
2622
2540
2473
2405
2350
2306
2268
2243
2224
2209
2197
2183
2173
2172
2178
2204
2253
2318
2407
2507
2614
2733
2844
2961
3078
3189
3308
3424
3536
3638
3721
3778
3812
3821
3820
3809
3785
3752
3695
3620
3533
3445
3374
3336
3327
3347
3377
3406
3435
3455
3477
3508
3545
3589
3637
3683
3725
3757
3778
3781
3765
3726
3665
3597
3518
3428
3356
3257
3165
3068
2966
2867
2772
2680
2586
2489
2391
2300
2219
2151
2097
2035
1965
1884
1798
1734
1712
1751
1851
2000
2175
2359
2530
2697
2865
3039
3223
3413
3588
== FIN EXPORT ==
