69.3426
1.6738
0.1083
0.6975
0.0930
0.7517
0.4101
0.7007
-0.1518
-0.1003
0.0909
-0.1196
0.1250
64.3746
3.9790
1.2324
1.0648
-0.1366
-0.3891
-0.6542
0.0377
0.6492
0.1312
-0.1806
-0.1683
-0.2335
64.0699
3.6987
0.8735
0.4989
-0.6017
-0.1502
-0.3621
0.0245
0.0272
-0.1901
0.0557
0.0654
-0.1859
62.5593
3.8146
0.9854
0.2610
0.1211
0.0088
-0.1401
-0.1417
-0.1741
-0.0452
-0.0130
0.1077
0.0653
61.3252
2.9065
1.3799
1.1492
0.3870
0.5108
0.2537
0.0305
0.1285
0.0149
-0.2186
0.1399
0.2261
61.3709
3.0762
1.1682
0.5934
-0.1240
0.0802
-0.1313
-0.1081
0.3162
-0.0295
-0.0071
-0.0791
0.0199
61.9460
3.0363
0.6439
0.4747
-0.1334
0.1667
0.4997
-0.0754
-0.2091
0.1494
0.3037
0.1617
0.0720
61.6771
2.8098
0.3190
0.5860
0.2132
-0.1866
-0.1705
0.2300
0.6493
0.4265
-0.0647
-0.2489
-0.0456
61.4434
2.8860
0.7324
0.6788
0.3983
0.4608
0.5565
0.3297
-0.1171
-0.2129
-0.2115
-0.1076
0.2088
65.1522
2.7052
-0.4043
1.1994
0.0657
-0.4243
-0.7145
0.0251
0.1315
0.2988
-0.0656
-0.0423
0.0470
67.9722
3.6208
-0.0164
1.5861
0.4801
-0.2322
-0.5987
0.5251
0.3998
0.7993
0.2423
-0.1770
0.1061
63.4078
3.4613
1.3475
0.8955
0.7601
0.9574
0.3277
0.2752
0.0625
0.2179
-0.1581
0.0188
-0.0224
61.6525
2.3123
0.3742
0.6883
0.0349
-0.0026
0.1051
0.5521
0.3005
0.2691
0.1479
0.0343
0.2349
61.6860
2.8641
0.4812
0.7486
0.3728
-0.0556
0.1336
0.2472
0.3462
0.1413
0.0213
0.3917
0.1554
61.3494
2.8449
0.9588
0.5991
0.5626
1.0236
0.7713
0.6383
0.2856
0.0070
-0.1183
-0.0654
-0.0285
62.2802
3.4875
0.8147
0.5829
0.6469
0.7833
0.5667
0.1944
-0.0071
0.1476
-0.0783
-0.0258
0.1546
62.5032
3.1894
0.8244
1.2823
0.6782
0.6323
0.7828
0.4041
0.1448
0.1520
0.1303
-0.0499
-0.0340
62.3144
3.1169
0.9064
1.1943
0.1866
0.2711
0.7354
0.3065
0.3324
0.2555
0.0893
0.1171
0.1073
61.7354
3.4277
1.1058
0.3164
-0.1201
0.1606
0.1145
0.1743
0.3994
0.1738
-0.0578
-0.0508
0.0367
62.6132
3.7239
1.5699
0.8689
-0.3061
0.1044
-0.1000
-0.0266
0.4152
-0.0202
-0.0088
0.2302
0.0445
62.1690
3.6837
1.5331
1.2009
0.4403
0.0683
0.0409
-0.0588
-0.1103
0.1895
0.0708
-0.0903
0.0751
61.5501
2.9036
1.0471
0.8427
0.9382
0.9604
0.1489
0.3220
0.0734
0.1148
0.1752
0.1918
0.1169
61.5924
3.0180
0.7752
0.2074
0.3516
0.4994
0.1444
0.3831
0.1937
0.1355
-0.0737
-0.2298
0.1024
62.6443
3.5105
1.0455
0.6786
0.3461
0.5348
0.2349
0.2960
0.2588
-0.2360
-0.1035
0.1035
0.0417
63.2714
3.9514
1.2708
0.8848
0.3480
0.6723
0.6610
0.7875
0.7743
0.2342
-0.2118
-0.0977
-0.0180
63.1826
3.7130
1.5600
1.2681
0.5976
1.2833
0.5299
0.6242
0.6290
-0.1096
-0.0333
0.1887
0.1253
62.8734
3.6494
1.2806
1.5829
0.7496
0.8159
0.8285
0.1713
0.4207
0.4905
-0.0502
0.1401
0.4248
63.4918
3.9378
2.0280
1.2872
0.8232
0.8543
0.1870
0.6309
-0.0258
0.1381
-0.0344
-0.0873
0.2401
64.7060
3.9699
1.0656
1.4267
0.6293
0.5456
0.4690
0.2084
0.4677
0.2958
-0.2540
0.0409
0.2912
64.8122
3.4018
0.4711
1.8361
0.6621
0.1765
0.3876
0.4112
0.0683
0.0400
0.1145
0.0354
-0.2621
65.0233
4.0547
1.1467
1.1265
0.1023
0.4804
0.8384
0.7515
-0.4316
-0.0122
0.3243
0.1887
-0.6089
68.7608
3.4347
0.7191
1.1701
-0.1474
1.4245
-0.1934
0.7304
0.0391
0.3306
0.1542
0.2335
0.4737
78.5636
5.3770
0.4625
2.2039
0.1390
1.5850
0.5262
0.1815
0.2524
0.2406
0.3364
0.5412
0.3081
80.8171
6.2655
-0.7141
3.0882
-0.7159
1.7198
0.4328
0.1262
0.0120
-0.0243
-0.3883
0.1770
-0.3713
83.0098
4.3784
-1.2598
2.3337
-0.4790
0.7531
1.1000
0.0169
0.2846
-0.1237
-0.4672
0.2311
0.0109
84.2196
6.4287
-0.8724
2.0272
-0.6219
0.3524
0.5916
0.5570
0.2910
0.0553
-0.0349
0.8975
0.1152
86.7479
5.3714
-0.6279
2.2092
-0.1091
0.3031
0.1618
0.4253
-0.2162
0.0231
0.3534
0.3647
0.5072
82.4088
4.2064
-0.0514
2.1630
-0.0820
0.2456
0.6280
0.6773
-0.6941
0.5714
0.1121
0.1239
0.2793
81.4767
2.8011
-0.8380
1.4366
-0.8094
-0.5847
-0.1762
0.7004
-0.9040
0.2029
0.4472
-0.2152
-0.3342
85.1313
5.7972
-2.2968
0.8975
0.4688
0.5860
-0.5525
0.4448
0.0098
0.4057
-0.0269
-0.1618
-0.1535
77.9632
6.6293
-1.0054
1.4912
0.8471
0.2414
-1.0722
1.3668
0.5362
-0.0405
0.2792
-0.0841
-0.0653
78.7210
6.3405
-0.3907
1.4587
1.3697
0.2588
-0.3738
0.8086
-0.0250
0.3385
-0.2301
0.0220
-0.0879
77.7842
5.9054
-1.4269
0.5873
0.5937
0.9658
-0.7039
0.4338
0.3379
0.4883
-0.3571
-0.0695
-0.0315
75.5972
6.2670
-0.5879
1.5092
0.7919
0.2366
-1.0566
-0.0429
0.1758
0.2003
0.1438
0.2023
-0.2259
76.3349
6.3026
-0.4756
1.3303
0.3662
-0.4083
-0.0906
0.4879
0.0823
-0.1387
0.2104
0.3124
0.2816
80.8457
6.2874
-0.3308
2.2736
0.1253
0.5774
-0.0571
0.4647
0.4385
0.3577
0.5061
0.1615
0.3845
85.5319
5.9730
0.4121
2.5404
0.1901
0.1768
-0.6121
1.0340
0.4920
0.2720
-0.0960
0.1968
0.4994
86.7793
5.8908
0.5170
1.7286
-0.3145
1.1516
0.2671
0.6926
0.0980
-0.4012
-0.3897
0.3631
-0.1451
83.3937
4.6464
-0.0128
2.0958
-0.5882
0.5107
0.4454
0.3471
0.4086
0.4306
-0.3333
0.0353
0.1028
86.1131
5.0082
0.6570
2.6429
-0.8838
0.9541
0.4019
0.1861
0.2663
0.2179
0.0534
0.1603
-0.2321
86.5964
5.1939
0.6392
2.3823
-0.7821
1.1138
0.1484
0.3269
0.0505
0.2197
-0.2011
0.7433
-0.0072
88.5228
4.9889
1.5045
1.8819
-0.5068
1.4491
-0.3027
0.7243
-0.0832
0.3752
0.0173
0.4149
0.2454
75.1477
2.9093
2.1364
1.6352
-0.3671
0.1952
-1.1867
0.7639
-0.3321
1.2612
0.0583
0.2760
0.1614
78.6641
5.2127
2.5540
1.1461
-0.6115
0.4626
-0.5941
0.6865
0.1140
0.5186
0.2276
0.4602
0.3233
75.7333
4.6169
1.5305
0.7446
0.0735
0.0818
-0.3127
0.9048
0.1236
0.6668
0.2015
0.0546
0.0179
74.0883
5.0515
2.3177
0.6635
-0.0397
0.1453
0.0376
0.7296
0.1727
0.2040
0.0561
0.6494
0.1969
76.0585
6.3727
0.5666
0.3377
-0.2396
0.5250
0.1988
0.8193
-0.2970
0.4841
-0.1044
0.7072
0.0576
71.6501
5.6898
1.6678
0.9146
0.3978
-0.0451
0.1941
0.5386
0.7701
0.2553
-0.3485
0.6225
0.0403
72.1063
5.7689
2.1744
1.2158
-0.1278
-0.0230
0.2202
0.9037
0.0919
0.0445
-0.2714
0.5190
0.5527
73.5430
4.8151
1.5555
1.1131
0.6606
0.7595
-0.4126
1.1604
-0.1958
0.6019
-0.0335
-0.0814
-0.2182
70.6202
5.6791
1.7121
1.1705
0.4479
-0.2421
0.1023
1.0803
0.5017
0.1109
0.2699
-0.0878
-0.2565