3.25
3.03
2.82
3.02
3.13
2.86
2.90
2.88
2.92
2.73
2.89
2.72
2.40
2.49
2.39
2.41
2.42
2.37
2.45
2.35
2.44
2.40
2.42
2.47
2.49
2.66
2.34
2.65
2.69
2.61
2.03
2.19
2.43
2.32
2.23
2.38
2.30
2.20
2.17
2.19
2.24
2.28
2.33
2.38
2.44
2.50
2.57
2.66
2.77
2.91
3.10
3.47
2.09
2.55
2.65
2.55
2.35
2.26
2.23
2.34
2.22
2.37
2.36
2.23
2.15
2.18
2.23
2.27
2.32
2.37
2.43
2.49
2.57
2.66
2.76
2.90
3.09
3.46
2.09
2.45
2.46
2.29
2.32
2.24
2.19
2.14
2.11
2.10
2.11
2.15
2.15
2.18
2.23
2.27
2.32
2.37
2.43
2.50
2.57
2.66
2.76
2.90
3.09
3.46
2.23
2.23
2.07
2.00
2.08
1.98
2.12
2.02
2.17
2.24
2.17
2.17
2.15
2.18
2.23
2.27
2.32
2.37
2.43
2.49
2.57
2.65
2.76
2.90
3.09
3.46
1.98
2.23
2.27
2.22
2.04
2.05
2.10
2.02
2.07
2.20
2.21
2.08
2.16
2.18
2.23
2.27
2.32
2.37
2.43
2.50
2.57
2.66
2.76
2.90
3.09
3.46
2.00
2.12
2.28
2.18
2.32
2.23
2.01
2.16
2.29
2.21
2.14
2.12
2.16
2.18
2.23
2.27
2.32
2.37
2.43
2.49
2.57
2.66
2.76
2.90
3.09
3.46
1.93
2.01
2.22
2.35
1.96
2.18
2.37
2.21
2.23
2.17
2.14
2.11
2.14
2.18
2.22
2.26
2.31
2.36
2.42
2.49
2.56
2.65
2.76
2.89
3.08
3.46
2.09
2.16
1.94
2.13
2.29
2.07
2.14
2.14
2.22
2.11
2.15
2.12
2.15
2.18
2.23
2.27
2.32
2.37
2.43
2.50
2.57
2.66
2.76
2.90
3.09
3.46
1.98
2.37
2.56
2.40
2.19
2.45
2.74
2.68
2.64
2.50
2.42
2.34
2.15
2.18
2.23
2.27
2.32
2.37
2.43
2.49
2.57
2.66
2.76
2.90
3.09
3.46
2.67
2.57
2.86
2.70
2.29
2.68
2.94
2.87
2.83
2.51
2.58
2.48
2.24
2.18
2.23
2.27
2.32
2.37
2.43
2.50
2.57
2.66
2.76
2.90
3.09
3.46
2.57
2.39
2.15
2.23
2.28
2.32
2.26
2.14
2.19
2.24
2.25
2.33
2.19
2.20
2.24
2.28
2.33
2.38
2.44
2.51
2.58
2.67
2.77
2.91
3.10
3.47
1.91
1.87
2.15
2.20
2.10
2.05
2.23
2.26
2.30
2.18
2.26
2.20
2.14
2.18
2.23
2.27
2.32
2.38
2.44
2.50
2.57
2.66
2.77
2.91
3.10
3.47
2.04
2.02
2.23
2.14
2.15
2.08
2.29
2.27
2.19
2.22
2.07
2.13
2.15
2.18
2.23
2.27
2.32
2.37
2.43
2.50
2.57
2.66
2.76
2.90
3.09
3.46
2.29
1.99
1.81
2.19
2.26
2.13
2.10
2.07
2.08
2.14
2.19
2.17
2.14
2.19
2.24
2.27
2.33
2.38
2.43
2.50
2.57
2.66
2.76
2.90
3.09
3.46
2.35
2.23
2.09
2.20
2.36
2.30
2.22
2.10
2.20
2.12
2.12
2.15
2.14
2.18
2.23
2.27
2.31
2.37
2.43
2.49
2.56
2.65
2.76
2.90
3.09
3.46
2.47
2.18
2.03
2.17
2.22
2.22
2.17
2.29
2.34
2.24
2.18
2.12
2.15
2.18
2.23
2.27
2.32
2.37
2.43
2.49
2.57
2.66
2.76
2.90
3.09
3.46
2.35
2.11
2.18
2.23
2.19
2.09
2.13
2.21
2.36
2.31
2.15
2.10
2.15
2.18
2.23
2.27
2.32
2.37
2.43
2.50
2.57
2.66
2.76
2.90
3.09
3.46
2.10
2.19
2.31
2.39
2.17
2.10
2.13
2.01
2.08
2.15
2.15
2.12
2.15
2.18
2.23
2.27
2.32
2.37
2.43
2.49
2.56
2.65
2.76
2.90
3.09
3.46
2.29
2.43
2.52
2.34
2.16
2.03
2.12
2.07
2.09
2.34
2.24
2.13
2.14
2.18
2.23
2.27
2.32
2.37
2.43
2.49
2.57
2.66
2.76
2.90
3.09
3.46
2.36
2.48
2.35
2.13
2.04
2.11
2.10
2.12
2.23
2.11
2.13
2.14
2.14
2.18
2.23
2.27
2.32
2.37
2.43
2.49
2.57
2.66
2.76
2.90
3.09
3.46
2.33
2.10
2.01
1.95
2.16
2.21
2.20
2.13
2.05
2.11
2.23
2.23
2.14
2.18
2.23
2.27
2.32
2.37
2.43
2.49
2.57
2.65
2.76
2.89
3.09
3.46
2.06
2.09
2.07
2.27
2.20
2.19
2.21
2.06
2.09
2.04
2.20
2.18
2.15
2.19
2.23
2.27
2.32
2.37
2.43
2.50
2.57
2.66
2.77
2.90
3.09
3.47
2.32
2.32
2.20
2.28
2.32
2.15
2.24
2.18
2.08
2.22
2.22
2.14
2.16
2.19
2.24
2.27
2.33
2.38
2.44
2.50
2.57
2.66
2.77
2.91
3.10
3.47
2.69
2.27
2.21
2.57
2.29
2.15
2.28
2.15
2.18
2.26
2.20
2.17
2.15
2.18
2.22
2.27
2.32
2.37
2.43
2.49
2.56
2.65
2.76
2.90
3.09
3.46
2.80
2.31
2.12
2.26
2.32
2.13
2.25
2.13
2.08
2.34
2.35
2.18
2.13
2.19
2.23
2.27
2.32
2.37
2.43
2.50
2.57
2.66
2.76
2.90
3.09
3.46
2.75
2.26
2.18
2.13
2.22
2.17
2.27
2.08
2.39
2.31
2.14
2.12
2.14
2.18
2.23
2.27
2.32
2.37
2.43
2.49
2.57
2.66
2.76
2.90
3.09
3.46
2.82
2.55
2.26
2.22
2.23
2.13
2.21
2.14
2.18
2.09
2.34
2.34
2.17
2.19
2.24
2.28
2.32
2.38
2.44
2.50
2.57
2.66
2.77
2.91
3.10
3.47
2.76
2.50
2.37
2.39
2.34
2.28
2.49
2.26
2.44
2.39
2.23
2.20
2.19
2.20
2.25
2.28
2.33
2.38
2.44
2.51
2.58
2.67
2.77
2.91
3.10
3.47
2.59
2.47
2.30
2.33
2.26
2.36
2.42
2.69
2.56
2.46
2.29
2.22
2.16
2.18
2.23
2.27
2.32
2.37
2.43
2.49
2.57
2.66
2.76
2.90
3.09
3.46
2.72
2.57
2.41
2.56
2.56
2.41
2.02
2.59
2.40
2.37
2.30
2.36
2.16
2.16
2.22
2.26
2.31
2.36
2.42
2.48
2.56
2.65
2.75
2.89
3.08
3.45
2.89
2.60
2.73
2.64
2.82
2.68
2.74
2.57
2.66
2.71
2.97
2.73
2.19
2.20
2.25
2.28
2.33
2.38
2.43
2.50
2.57
2.66
2.76
2.90
3.09
3.46
4.15
3.59
3.57
3.31
3.61
3.48
3.36
3.25
3.32
3.42
3.16
2.75
2.42
2.43
2.44
2.46
2.48
2.51
2.54
2.59
2.65
2.72
2.81
2.94
3.12
3.49
4.32
4.21
3.76
3.90
3.97
3.92
3.77
3.80
3.89
4.10
3.50
2.98
2.28
2.12
2.15
2.18
2.22
2.27
2.32
2.39
2.46
2.55
2.65
2.79
2.98
3.35
4.48
4.27
3.95
4.13
4.22
3.91
3.94
3.91
4.07
4.04
3.26
2.85
2.60
2.56
2.54
2.53
2.52
2.51
2.51
2.52
2.51
2.53
2.55
2.58
2.65
2.88
4.23
3.98
4.23
4.11
4.21
3.75
3.87
3.99
3.82
3.83
3.18
2.92
2.50
2.44
2.46
2.47
2.50
2.53
2.57
2.62
2.68
2.76
2.85
2.99
3.17
3.54
4.21
4.11
4.22
3.89
4.10
3.84
3.96
4.07
4.01
3.66
3.48
3.04
2.68
2.67
2.67
2.67
2.68
2.70
2.73
2.76
2.81
2.88
2.96
3.08
3.26
3.62
4.20
4.02
3.96
3.81
3.90
3.71
3.63
3.90
4.11
3.52
3.35
3.27
2.72
2.52
2.52
2.50
2.50
2.50
2.51
2.53
2.56
2.61
2.68
2.77
2.89
3.25
3.86
4.06
4.08
3.98
3.77
3.76
3.51
4.10
3.93
3.39
3.43
3.22
2.69
2.62
2.61
2.60
2.59
2.59
2.56
2.53
2.51
2.53
2.57
2.61
2.63
2.73
3.71
3.85
3.92
4.10
4.03
4.31
4.31
4.10
3.70
3.35
3.24
3.09
2.63
2.42
2.49
2.59
2.62
2.65
2.63
2.73
2.82
2.86
2.95
3.11
3.28
3.64
3.74
3.60
3.69
3.72
3.39
3.51
3.91
3.83
3.06
2.84
3.09
2.71
2.29
2.22
2.27
2.32
2.37
2.43
2.50
2.56
2.65
2.73
2.84
2.98
3.17
3.55
3.85
3.74
3.54
3.54
3.40
3.56
3.77
3.61
3.20
2.83
2.78
2.87
2.46
2.34
2.38
2.42
2.46
2.51
2.57
2.63
2.71
2.79
2.90
3.03
3.22
3.59
3.51
3.54
3.57
3.75
3.64
3.91
3.99
3.44
3.16
3.05
2.97
2.86
2.32
2.27
2.30
2.33
2.36
2.41
2.45
2.51
2.58
2.66
2.76
2.90
3.09
3.45
3.47
3.67
3.68
3.31
3.17
3.56
3.64
3.44
2.98
2.94
2.80
2.61
2.31
2.20
2.25
2.29
2.34
2.39
2.45
2.52
2.59
2.68
2.78
2.92
3.11
3.48
3.77
3.84
3.97
3.71
3.67
3.41
3.63
3.64
3.26
2.91
2.73
2.49
2.38
2.34
2.34
2.34
2.35
2.36
2.38
2.41
2.46
2.51
2.59
2.71
2.88
3.25
4.27
3.90
4.10
3.80
3.72
3.72
3.82
3.73
3.63
3.39
3.27
2.73
2.43
2.38
2.39
2.40
2.42
2.44
2.48
2.52
2.58
2.65
2.74
2.87
3.05
3.43
4.50
4.22
4.28
4.02
3.71
3.53
4.10
3.92
3.74
3.51
3.49
3.16
2.63
2.58
2.59
2.59
2.62
2.63
2.67
2.71
2.76
2.83
2.91
3.04
3.22
3.58
4.34
4.26
3.93
4.08
4.12
3.71
3.76
3.78
3.56
3.80
3.53
3.26
2.77
2.61
2.62
2.64
2.66
2.70
2.74
2.80
2.86
2.94
3.04
3.18
3.36
3.73
4.38
4.19
4.18
4.19
3.90
3.71
3.84
3.68
3.95
3.83
3.40
3.15
2.73
2.53
2.50
2.53
2.54
2.52
2.57
2.55
2.60
2.61
2.65
2.67
2.84
3.17
4.44
4.23
4.13
4.10
3.91
3.79
3.59
3.77
3.99
4.21
3.77
3.30
2.84
2.52
2.52
2.50
2.50
2.57
2.66
2.73
2.73
2.75
2.85
2.99
3.19
3.54
4.44
4.23
4.19
3.97
4.03
3.76
3.73
3.74
3.82
4.06
3.64
3.39
2.75
2.56
2.61
2.59
2.64
2.65
2.70
2.73
2.76
2.83
2.92
3.05
3.23
3.58
4.50
4.21
4.21
3.97
3.97
3.71
3.70
3.65
3.76
3.92
4.00
3.76
2.94
2.66
2.63
2.63
2.65
2.70
2.77
2.87
2.93
2.97
3.06
3.19
3.39
3.76
4.24
4.03
4.19
3.68
3.23
3.32
3.35
3.28
3.47
3.31
3.55
3.72
2.74
2.27
2.23
2.18
2.16
2.17
2.21
2.19
2.15
2.13
2.17
2.32
2.34
2.53
3.94
3.78
4.07
3.59
3.35
3.05
3.10
3.03
3.11
3.25
3.46
3.43
2.87
2.30
2.29
2.33
2.37
2.44
2.54
2.59
2.65
2.70
2.83
2.95
3.14
3.51
3.83
3.66
3.84
3.56
3.17
2.98
3.06
3.11
3.17
2.98
3.17
3.21
2.62
2.46
2.28
2.25
2.27
2.29
2.49
2.58
2.71
2.62
2.73
2.70
2.82
3.18
3.68
3.47
3.59
3.22
3.13
2.78
2.84
2.88
2.76
2.92
2.97
3.05
2.78
2.29
2.29
2.23
2.30
2.39
2.46
2.54
2.58
2.73
2.88
2.91
3.03
3.38
3.58
3.47
3.73
3.57
3.44
3.16
3.06
3.09
2.95
2.85
2.71
2.94
2.39
2.27
2.34
2.34
2.40
2.44
2.50
2.62
2.74
2.95
2.88
2.95
3.15
3.55
3.61
3.34
3.42
3.23
2.92
2.69
2.99
2.86
2.60
2.80
2.48
2.64
2.51
2.28
2.27
2.25
2.31
2.37
2.36
2.47
2.55
2.70
2.79
2.85
3.00
3.37
3.58
3.40
3.37
3.04
3.00
2.41
2.77
2.75
2.76
2.67
2.67
2.76
2.41
2.31
2.27
2.28
2.35
2.39
2.45
2.53
2.62
2.79
2.96
3.00
3.11
3.47
3.51
3.26
3.11
3.15
2.83
2.92
2.89
2.94
2.74
2.62
2.92
3.06
2.41
2.35
2.35
2.36
2.39
2.48
2.54
2.63
2.71
2.79
2.86
3.00
3.18
3.55
3.50
3.24
3.26
3.30
2.76
2.63
2.72
2.96
2.54
2.51
2.63
2.56
2.42
2.27
2.21
2.22
2.28
2.42
2.41
2.49
2.55
2.63
2.73
2.86
3.06
3.43