1488.00
76.40
1423.42
153.75
1367.94
228.46
1324.96
301.29
1287.78
360.61
1242.42
399.70
1195.28
436.48
1160.34
478.67
1131.26
511.30
1093.26
530.40
1054.12
550.59
1027.94
577.45
1011.42
607.15
999.21
637.76
988.13
659.27
965.69
660.59
928.43
651.99
900.61
661.42
895.65
688.13
899.28
712.69
902.95
739.20
915.76
769.03
924.42
779.80
903.19
762.97
871.18
758.38
872.54
789.09
900.37
819.65
902.33
813.78
871.90
791.69
848.89
791.55
855.03
811.72
869.86
826.63
873.70
827.98
867.41
823.96
858.24
819.67
848.31
813.10
834.55
801.18
816.88
786.96
802.39
782.73
805.40
798.87
828.08
825.33
853.94
845.76
866.53
848.80
861.64
834.44
839.28
808.68
811.75
785.83
794.46
781.27
796.80
792.04
811.56
814.02
834.68
844.05
861.15
864.91
865.34
848.93
831.52
802.06
789.05
772.41
781.21
781.85
798.25
800.67
807.37
802.00
804.10
800.11
805.90
804.40
805.82
797.47
788.41
776.01
769.79
767.70
775.68
785.10
798.15
803.75
809.43
807.04
809.31
804.15
812.06
808.55
817.88
814.01
820.69
812.35
819.27
810.69
816.84
810.00
814.50
807.23
812.14
805.47
810.80
806.74
808.60
801.83
798.26
790.65
785.88
780.41
778.61
776.32
776.49
774.33
775.38
774.38
775.33
774.43
774.29
768.42
764.00
757.20
754.66
756.08
762.73
772.41
781.21
786.85
784.49
781.73
770.36
771.16
767.40
776.97
780.87
788.17
786.24
780.07
766.93
757.42
751.46
755.12
763.64
776.54
787.28
791.08
790.47
785.05
779.20
776.76
774.08
774.62
775.11
769.65
762.83
752.31
743.31
735.86
731.94
732.66
736.97
743.88
753.32
762.35
773.77
781.92
790.18
792.33
791.28
784.28
775.93
765.86
759.43
757.54
759.34
764.63
768.60
769.83
769.66
765.82
764.47
765.75
767.53
772.84
774.80
775.94
773.86
770.84
769.71
768.78
770.66
770.87
772.67
770.96
771.58
771.99
775.61
780.18
783.83
788.36
787.06
789.29
785.17
787.09
788.27
792.15
793.46
797.21
794.65
796.08
788.72
790.72