1488.00
1490.00
1496.00
1506.00
1514.00
1528.00
1542.00
1560.00
1574.00
1584.00
1585.00
1580.00
1575.00
1572.00
1575.00
1581.00
1586.00
1586.00
1579.00
1569.00
1558.00
1552.00
1551.00
1554.00
1560.00
1568.00
1576.00
1587.00
1594.00
1598.00
1592.00
1578.00
1556.00
1534.00
1520.00
1517.00
1524.00
1539.00
1553.00
1567.00
1580.00
1597.00
1618.00
1639.00
1655.00
1658.00
1644.00
1621.00
1596.00
1586.00
1593.00
1618.00
1650.00
1675.00
1681.00
1671.00
1645.00
1620.00
1601.00
1598.00
1607.00
1624.00
1641.00
1653.00
1659.00
1658.00
1654.00
1648.00
1641.00
1635.00
1627.00
1619.00
1607.00
1594.00
1578.00
1563.00
1550.00
1545.00
1549.00
1564.00
1587.00
1612.00
1638.00
1657.00
1670.00
1672.00
1668.00
1653.00
1632.00
1606.00
1580.00
1557.00
1541.00
1536.00
1539.00
1549.00
1564.00
1585.00
1608.00
1637.00
1663.00
1683.00
1687.00
1671.00
1638.00
1592.00
1551.00
1522.00
1515.00
1524.00
1541.00
1559.00
1568.00
1569.00
1566.00
1564.00
1566.00
1570.00
1570.00
1563.00
1546.00
1525.00
1507.00
1499.00
1505.00
1522.00
1544.00
1562.00
1573.00
1576.00
1576.00
1573.00
1576.00
1580.00
1586.00
1591.00
1594.00
1592.00
1591.00
1589.00
1587.00
1586.00
1584.00
1581.00
1579.00
1577.00
1576.00
1577.00
1575.00
1570.00
1560.00
1549.00
1537.00
1527.00
1520.00
1516.00
1514.00
1512.00
1511.00
1511.00
1511.00
1511.00
1510.00
1504.00
1494.00
1483.00
1474.00
1473.00
1481.00
1497.00
1515.00
1529.00
1532.00
1527.00
1513.00
1503.00
1500.00
1506.00
1519.00
1530.00
1535.00
1527.00
1508.00
1486.00
1471.00
1469.00
1481.00
1502.00
1525.00
1539.00
1542.00
1536.00
1525.00
1517.00
1512.00
1510.00
1511.00
1506.00
1494.00
1477.00
1458.00
1442.00
1431.00
1428.00
1433.00
1444.00
1460.00
1478.00
1498.00
1517.00
1533.00
1543.00
1544.00
1536.00
1521.00
1503.00
1487.00
1479.00
1479.00
1486.00
1495.00
1500.00
1501.00
1497.00
1492.00
1492.00
1495.00
1502.00
1509.00
1512.00
1511.00
1506.00
1502.00
1500.00
1501.00
1503.00
1505.00
1505.00
1504.00
1505.00
1509.00
1517.00
1525.00
1533.00
1536.00
1537.00
1535.00
1533.00
1536.00
1541.00
1546.00
1551.00
1552.00
1551.00
1545.00
1540.00