0
0
12
33
41
27
0
0
0
12
67
94
66
0
0
0
0
111
202
159
0
0
0
0
396
1043
1584
1806
1664
1313
1034
1049
1397
1886
2225
2185
1769
1213
845
902
1356
1945
2322
2251
1777
1179
815
911
1409
2021
2385
2291
1777
1184
842
961
1471
2077
2426
2309
1797
1182
820
920
1418
2021
2376
2274
1777
1176
825
927
1427
2026
2378
2272
1770
1167
812
915
1413
2016
2374
2275
1783
1184
833
933
1426
2026
2378
2280
1787
1191
842
941
1433
2026
2371
2265
1767
1167
813
913
1406
2006
2359
2262
1768
1167
811
902
1392
1988
2343
2249
1761
1165
811
908
1398
1996
2350
2253
1760
1160
805
903
1398
2000
2358
2263
1771
1173
818
919
1415
2021
2379
2284
1789
1186
825
919
1411
2014
2372
2278
1785
1181
819
910
1400
2001
2362
2269
1777
1172
808
898
1387
1992
2358
2270
1783
1182
820
912
1403
2008
2372
2281
1786
1178
808
893
1382
1987
2354
2265
1772
1162
789
872
1359
1965
2332
2248
1757
1151
780
866
1357
1968
2341
2259
1770
1160
784
862
1344
1949
2320
2238
1752
1143
768
846
1330
1936
2308
2230
1747
1144
777
861
1351
1962
2336
2257
1770
1160
783
859
1343
1951
2326
2250
1768
1163
791
871
1356
1966
2343
2266
1783
1175
799
877
1359
1968
2341
2265
1778
1168
791
866
1350
1959
2337
2262
1778
1170
794
869
1355
1964
2340
2263
1777
1167
790
868
1353
1963
2339
2258
1769
1155
776
852
1340
1952
2330
2254
1767
1156
779
857
1347
1960
2341
2264
1776
1160
778
850
1335
1948
2328
2255
1768
1156
773
846
1330
1941
2321
2246
1760
1146
766
841
1331
1949
2335
2264
1778
1162
776
847
1333
1951
2340
2273
1790
1173
785
850
1332
1946
2334
2267
1784
1168
778
843
1323
1939
2328
2262
1781
1164
774
838
1321
1939
2332
2271
1791
1174
781
842
1322
1939
2332
2270
1790
1173
782
848
1332
1955
2352
2290
1807
1182
781
838
1317
1938
2335
2276
1796
1174
777
836
1319
1943
2343
2285
1803
1180
781
839
1320
1943
2342
2283
1801
1176
775
831
1310
1932
2330
2272
1792
1172
775
836
1319
1942
2341
2282
1800
1177
778
835
1315
1937
2336
2279
1799
1177
777
835
1317
1941
2343
2286
1804
1178
774
827
1306
1930
2334
2280
1800
1176
773
829
1312
1940
2346
2292
1810
1181
772
823
1304
1932
2340
2292
1814
1189
783
834
1313
1940
2347
2296
1817
1190
782
833
1312
1940
2349
2299
1818
1188
778
828
1310
1943
2360
2316
1841
1212
799
845
1321
1951
2363
2318
1841
1209
794
837
1314
1946
2364
2324
1849
1218
800
840
1313
1943
2361
2321
1847
1217
798
838
1312
1944
2362
2320
1842
1206
784
823
1300
1937
2362
2326
1851
1215
790
826
1301
1938
2363
2328
1853
1217
791
825
1298
1932
2354
2319
1844
1210
787
824
1300
1938
2364
2331
1857
1220
792
822
1292
1926
2353
2323
1854
1220
794
823
1291
1924
2350
2321
1853
1221
795
825
1295
1929
2357
2327
1858
1222
793
822
1291
1927
2358
2330
1861
1226
795
823
1292
1929
2361
2335
1866
1230
799
827
1297
1936
2368
2342
1872
1233
800
826
1294
1931
2364
2338
1870
1232
800
827
1298
1938
2371
2345
1872
1231
794
820
1292
1935
2373
2350
1879
1236
796
817
1287
1930
2370
2350
1882
1241
804
826
1295
1937
2375
2353
1882
1238
797
817
1285
1928
2368
2348
1879
1236
796
818
1289
1933
2373
2351
1880
1234
792
812
1283
1929
2372
2352
1882
1235
791
809
1278
1923
2366
2348
1879
1234
791
810
1279
1925
2369
2352
1884
1240
795
812
1280
1925
2371
2356
1888
1243
796
809
1273
1917
2362
2347
1883
1241
797
814
1281
1926
2370
2354
1884
1236
788
802
1271
1920
2370
2359
1893
1244
794
805
1271
1920
2372
2363
1897
1248
795
803
1269
1918
2371
2363
1897
1247
791
798
1263
1913
2367
2360
1895
1243
788
794
1260
1913
2371
2366
1902
1250
793
799
1265
1918
2375
2368
1901
1246
787
791
1259
1915
2378
2374
1908
1251
787
788
1253
1909
2371
2368
1902
1244
781
783
1250
1909
2374
2373
1907
1249
785
785
1251
1908
2372
2370
1902
1242
775
775
1242
1903
2371
2374
1910
1251
784
783
1247
1907
2374
2376
1910
1249
780
778
1244
1906
2378
2382
1917
1254
781
775
1239
1902
2375
2382
1918
1254
780
772
1235
1898
2373
2382
1920
1258
782
772
1232
1894
2369
2379
1918
1255
779
768
1230
1894
2372
2385
1925
1261
782
768
1226
1889
2367
2379
1918
1252
771
756
1216
1883
2366
2383
1923
1257
774
758
1218
1885
2370
2388
1928
1260
775
758
1216
1884
2370
2389
1930
1263
777
758
1217
1885
2372
2392
1934
1264
774
750
1206
1875
2365
2390
1935
1268
778
754
1209
1878
2369
2395
1941
1274
784
759
1214
1884
2375
2399
1943
1272
779
753
1209
1880
2372
2396
1937
1263
767
741
1199
1874
2371
2399
1941
1266
768
740
1199
1877
2376
2406
1949
1272
772
741
1198
1874
2372
2400
1941
1262
760
730
1190
1869
2370
2400
1940
1259
756
725
1184
1865
2368
2398
1937
1255
750
719
1179
1863
2369
2402
1943
1260
753
720
1181
1865
2373
2406
1945
1258
746
709
1166
1851
2361
2398
1941
1256
745
707
1166
1851
2364
2404
1947
1263
751
712
1168
1852
2364
2402
1945
1258
744
704
1162
1850
2365
2408
1952
1265
749
707
1163
1849
2364
2405
1948
1261
746
705
1164
1854
2371
2411
1951
1259
740
698
1157
1851
2372
2417
1959
1266
745
700
1158
1851
2373
2418
1960
1266
742
695
1152
1846
2371
2419
1962
1268
743
695
1152
1847
2373
2422
1966
1272
748
701
1159
1855
2382
2431
1973
1276
747
698
1157
1855
2385
2436
1979
1279
747
694
1151
1851
2384
2439
1984
1285
752
697
1154
1855
2389
2445
1990
1289
754
698
1155
1857
2395
2452
1996
1293
754
695
1150
1852
2389
2447
1991
1288
749
690
1146
1849
2389
2448
1993
1290
752
693
1149
1854
2393
2452
1995
1290
749
691
1150
1858
2403
2465
2009
1300
754
690
1145
1851
2395
2457
2000
1291
744
681
1138
1849
2397
2461
2004
1293
744
678
1135
1847
2399
2467
2012
1301
750
683
1139
1851
2402
2469
2013
1300
746
677
1132
1846
2400
2470
2015
1302
750
682
1139
1855
2409
2477
2018
1300
744
674
1133
1851
2409
2480
2022
1304
746
676
1134
1852
2410
2480
2021
1301
741
669
1128
1850
2411
2485
2027
1306
743
670
1128
1850
2415
2491
2033
1310
744
667
1124
1848
2415
2494
2038
1314
746
667
1124
1849
2419
2501
2045
1319
747
663
1116
1840
2411
2494
2040
1314
741
656
1110
1836
2410
2495
2042
1315
742
657
1113
1844
2422
2510
2055
1324
743
653
1106
1836
2416
2505
2050
1318
736
647
1101
1834
2417
2508
2054
1321
739
649
1105
1840
2424
2515
2060
1325
739
648
1103
1838
2423
2514
2058
1321
734
641
1097
1835
2423
2516
2060
1321
732
638
1095
1836
2428
2525
2071
1331
739
643
1098
1840
2434
2532
2077
1335
741
642
1096
1839
2436
2537
2084
1341
743
641
1095
1838
2435
2537
2083
1338
739
636
1091
1837
2438
2541
2087
1340
737
632
1086
1834
2437
2542
2088
1340
736
629
1083
1831
2434
2540
2085
1336
732
627
1082
1832
2438
2545
2090
1340
735
627
1081
1830
2436
2543
2088
1338
731
623
1079
1830
2439
2548
2093
1340
730
621
1075
1828
2439
2548
2092
1336
724
612
1069
1826
2442
2555
2100
1342
725
610
1065
1823
2440
2555
2099
1338
717
600
1055
1815
2437
2555
2101
1340
717
598
1051
1812
2435
2555
2101
1339
714
594
1048
1812
2438
2559
2105
1340
712
588
1042
1807
2436
2560
2107
1340
709
584
1038
1806
2439
2565
2110
1340
704
575
1028
1797
2433
2563
2110
1341
704
575
1028
1800
2437
2568
2114
1342
703
572
1025
1798
2438
2570
2117
1345
704
572
1025
1799
2441
2574
2120
1345
701
566
1018
1793
2436
2572
2119
1343
697
561
1014
1792
2441
2580
2128
1350
700
559
1009
1787
2438
2580
2130
1351
701
559
1010
1790
2443
2585
2134
1352
698
555
1007
1790
2445
2588
2136
1352
696
554
1010
1798
2458
2603
2148
1358
695
547
998
1785
2446
2592
2138
1350
688
541
995
1784
2447
2596
2143
1354
691
541
993
1781
2445
2596
2145
1357
693
542
993
1781
2449
2597
2149
1362
693
541
984
1770
2438
2594
2151
1368
702
544
984
1767
2433
2594
2154
1368
694
523
953
1734
2412
2594
2180
1415
750
575
989
1745
2394
2549
2112
1335
672
513
957
1749
2430
2607
2179
1402
739
586
1041
1846
2536
2710
2269
1469
782
600
1034
1820
2488
2647
2189
1382
693
518
958
1751
2428
2588
2132
1321
627
451
894
1694
2383
2558
2117
1322
640
472
921
1726
2417
2593
2151
1350
660
484
924
1723
2410
2582
2138
1336
646
473
918
1724
2418
2597
2156
1354
661
485
928
1734
2431
2613
2176
1376
686
512
958
1766
2465
2646
2205
1399
701
520
962
1769
2469
2654
2215
1412
717
540
986
1798
2501
2684
2240
1429
724
539
981
1792
2497
2682
2239
1426
718
529
969
1779
2484
2670
2226
1411
701
509
947
1757
2463
2650
2207
1392
680
487
925
1737
2445
2634
2192
1376
661
465
901
1712
2422
2614
2175
1360
647
453
894
1710
2426
2622
2184
1367
652
457
898
1718
2438
2638
2200
1382
664
467
909
1733
2459
2664
2230
1412
692
494
934
1759
2485
2691
2255
1436
714
515
956
1781
2510
2715
2278
1455
729
526
966
1793
2523
2729
2290
1459
723
509
941
1763
2492
2700
2262
1434
698
485
917
1742
2475
2687
2252
1424
688
473
905
1730
2466
2680
2247
1420
682
465
895
1720
2455
2669
2235
1405
664
445
875
1702
2443
2662
2232
1402
659
436
864
1692
2437
2661
2235
1408
665
441
869
1699
2445
2670
2243
1413
667
441
869
1702
2452
2682
2258
1429
683
457
886
1721
2475
2708
2285
1457
709
482
910
1743
2495
2726
2300
1466
713
480
904
1736
2489
2722
2299
1466
712
476
896
1726
2479
2713
2291
1460
704
466
884
1711
2462
2696
2274
1444
690
455
876
1707
2463
2699
2278
1444
686
446
864
1694
2450
2688
2269
1437
679
438
855
1686
2444
2683
2265
1433
674
433
852
1687
2449
2693
2277
1445
686
445
864
1701
2464
2709
2292
1458
696
452
870
1706
2470
2716
2299
1464
701
456
874
1710
2476
2724
2308
1474
709
462
878
1713
2480
2730
2316
1482
716
465
877
1711
2477
2727
2314
1479
710
457
867
1701
2469
2724
2314
1480
710
454
861
1693
2461
2716
2306
1472
700
442
849
1682
2454
2712
2305
1470
697
438
846
1681
2456
2717
2310
1474
698
435
839
1674
2450
2713
2308
1472
695
432
835
1670
2445
2707
2301
1463
684
418
821
1657
2435
2701
2298
1462
684
418
820
1655
2434
2701
2300
1465
685
417
817
1651
2432
2703
2307
1475
696
427
825
1658
2440
2713
2319
1489
709
436
830
1659
2439
2712
2319
1490
711
438
832
1661
2441
2714
2321
1491
711
438
833
1663
2445
2718
2324
1493
711
436
829
1660
2442
2716
2322
1490
706
429
822
1655
2441
2719
2329
1498
713
433
823
1653
2438
2718
2328
1497
711
429
816
1645
2430
2711
2324
1495
710
430
820
1651
2439
2722
2334
1503
715
430
816
1647
2436
2722
2337
1508
720
435
819
1649
2437
2722
2337
1507
716
428
812
1641
2432
2721
2339
1510
719
428
809
1639
2432
2725
2347
1519
726
432
809
1636
2429
2726
2351
1526
732
435
808
1633
2426
2724
2351
1525
730
430
801
1625
2420
2721
2352
1530
736
436
806
1629
2423
2724
2355
1532
737
436
805
1627
2421
2723
2355
1532
736
433
799
1622
2419
2725
2362
1541
744
437
800
1620
2418
2727
2367
1549
750
438
795
1610
2405
2715
2358
1542
746
436
793
1609
2406
2716
2358
1542
745
434
790
1606
2403
2712
2353
1535
736
424
781
1599
2399
2711
2354
1536
736
422
777
1593
2392
2703
2345
1526
726
412
768
1587
2388
2702
2347
1530
730
415
770
1586
2387
2702
2348
1532
731
414
767
1582
2382
2698
2346
1530
731
414
766
1581
2382
2698
2346
1531
730
412
763
1579
2380
2699
2347
1532
730
411
761
1578
2382
2704
2356
1543
741
419
766
1579
2382
2705
2360
1550
749
427
773
1585
2387
2711
2366
1555
753
428
771
1580
2383
2709
2368
1559
755
427
766
1573
2375
2703
2365
1559
758
430
768
1575
2377
2706
2369
1563
762
434
772
1579
2383
2714
2377
1570
765
434
770
1576
2381
2713
2378
1572
766
433
766
1571
2377
2712
2380
1577
772
437
767
1569
2371
2706
2377
1577
776
442
772
1573
2376
2711
2381
1581
777
440
767
1567
2372
2711
2385
1587
782
443
769
1569
2375
2716
2392
1593
786
443
765
1564
2371
2715
2395
1598
791
447
767
1564
2371
2716
2397
1601
794
449
767
1562
2369
2715
2397
1601
793
446
762
1556
2362
2708
2391
1597
791
444
761
1555
2363
2710
2394
1599
790
440
753
1546
2353
2702
2388
1595
788
438
751
1543
2351
2700
2388
1596
788
437
749
1541
2350
2701
2390
1599
791
438
747
1536
2342
2693
2384
1596
791
441
751
1539
2345
2695
2384
1593
784
429
735
1522
2330
2685
2382
1598
793
438
742
1525
2330
2685
2383
1600
797
443
746
1530
2336
2691
2390
1607
801
444
745
1526
2332
2689
2389
1608
803
446
746
1527
2333
2690
2391
1610
805
446
744
1524
2330
2688
2391
1612
807
448
746
1525
2330
2690
2393
1614
809
449
744
1522
2327
2689
2396
1621
817
457
750
1525
2329
2690
2398
1623
819
457
748
1522
2327
2691
2402
1629
825
460
748
1520
2326
2692
2405
1632
826
457
742
1513
2319
2689
2407
1639
835
467
750
1519
2325
2694
2413
1644
839
468
750
1518
2324
2696
2416
1648
843
470
748
1515
2321
2695
2419
1655
850
475
750
1513
2317
2691
2416
1655
852
479
753
1516
2319
2692
2418
1656
852
478
751
1513
2317
2692
2420
1660
857
481
751
1509
2311
2686
2416
1660
859
484
753
1510
2310
2686
2417
1661
860
483
749
1504
2304
2682
2417
1663
863
482
744
1495
2294
2673
2411
1661
863
483
746
1495
2294
2673
2411
1660
859
476
736
1485
2285
2668
2410
1663
866
485
745
1494
2293
2675
2416
1667
867
484
741
1488
2288
2672
2416
1671
874
491
746
1488
2283
2665
2409
1666
870
487
740
1482
2277
2661
2409
1670
876
491
740
1478
2271
2657
2409
1673
880
493
739
1472
2264
2650
2405
1672
880
492
736
1468
2261
2651
2410
1679
887
496
735
1462
2253
2643
2405
1679
890
500
738
1463
2251
2641
2405
1681
893
503
739
1461
2248
2637
2401
1679
893
505
741
1464
2251
2642
2408
1686
898
505
737
1457
2244
2637
2406
1688
902
509
740
1459
2245
2638
2409
1691
907
514
742
1459
2242
2635
2405
1689
905
512
740
1455
2238
2631
2404
1689
907
515
742
1456
2239
2633
2408
1697
915
522
747
1459
2240
2634
2410
1700
919
524
746
1454
2235
2630
2409
1701
921
526
746
1453
2232
2628
2408
1701
920
523
741
1446
2226
2624
2407
1702
923
525
742
1446
2227
2627
2412
1709
930
531
745
1447
2225
2624
2410
1708
929
529
743
1443
2221
2621
2408
1708
931
531
743
1442
2219
2618
2407
1708
932
533
744
1442
2219
2621
2412
1717
941
539
746
1439
2213
2614
2406
1712
937
535
741
1435
2210
2614
2409
1716
940
536
739
1431
2206
2611
2407
1714
937
531
734
1428
2207
2616
2416
1723
944
533
731
1421
2198
2608
2409
1719
942
532
729
1417
2193
2602
2405
1717
942
533
731
1419
2195
2605
2408
1720
943
533
728
1415
2191
2603
2410
1724
946
532
723
1407
2182
2597
2409
1729
957
544
734
1414
2186
2599
2409
1729
957
545
734
1414
2186
2599
2411
1731
959
546
733
1412
2186
2601
2416
1738
966
549
732
1407
2178
2594
2412
1737
965
546
727
1400
2172
2591
2413
1742
972
553
732
1403
2174
2592
2413
1741
969
550
728
1399
2172
2593
2416
1746
974
553
728
1398
2169
2589
2414
1745
975
554
729
1396
2166
2586
2412
1744
975
555
731
1399
2170
2591
2418
1752
981
558
729
1392
2160
2581
2409
1745
977
555
727
1392
2161
2584
2413
1748
978
554
722
1385
2155
2580
2412
1750
981
555
723
1385
2155
2581
2415
1752
980
552
717
1378
2149
2580
2418
1759
990
560
722
1381
2151
2581
2420
1761
991
559
717
1373
2141
2572
2413
1758
990
559
718
1373
2141
2574
2417
1763
994
561
715
1367
2134
2567
2413
1763
998
566
723
1375
2142
2574
2418
1765
995
559
711
1363
2132
2569
2420
1772
1005
570
720
1367
2133
2568
2418
1771
1006
572
723
1371
2137
2571
2419
1769
1001
563
713
1363
2132
2572
2425
1778
1009
569
714
1360
2128
2568
2424
1780
1014
574
719
1363
2129
2568
2422
1779
1014
576
722
1367
2133
2573
2430
1787
1021
581
724
1366
2131
2570
2427
1786
1020
578
719
1359
2123
2564
2426
1788
1027
586
726
1364
2126
2568
2431
1795
1033
590
726
1360
2121
2563
2428
1795
1035
594
729
1362
2122
2566
2432
1800
1038
593
725
1355
2116
2561
2432
1803
1044
599
729
1357
2117
2563
2434
1804
1043
596
723
1351
2111
2558
2431
1804
1045
597
724
1351
2110
2557
2431
1805
1046
600
728
1355
2115
2562
2435
1807
1047
598
723
1349
2109
2559
2435
1810
1050
601
725
1350
2110
2560
2438
1813
1053
600
721
1343
2102
2554
2435
1813
1054
601
720
1341
2100
2553
2436
1816
1058
605
722
1341
2099
2553
2436
1818
1060
606
723
1340
2098
2553
2437
1819
1059
603
716
1332
2090
2546
2434
1820
1063
606
718
1331
2087
2543
2432
1818
1062
606
718
1331
2087
2543
2432
1818
1062
604
714
1325
2081
2539
2430
1819
1064
606
715
1325
2081
2540
2432
1823
1068
610
716
1325
2079
2536
2429
1818
1063
603
710
1319
2075
2536
2432
1825
1072
613
719
1327
2082
2542
2437
1828
1072
609
710
1316
2071
2534
2435
1832
1078
616
715
1319
2072
2535
2435
1831
1076
611
709
1313
2068
2534
2438
1835
1080
613
709
1311
2068
2536
2442
1842
1088
621
715
1315
2070
2537
2442
1841
1085
617
710
1310
2064
2532
2440
1842
1089
622
715
1314
2068
2536
2444
1845
1091
622
713
1310
2063
2531
2440
1844
1091
623
713
1309
2062
2530
2441
1846
1093
624
713
1309
2063
2535
2448
1854
1100
629
715
1307
2060
2531
2445
1851
1097
623
707
1299
2052
2526
2443
1852
1099
624
706
1296
2048
2522
2441
1850
1096
620
700
1290
2045
2523
2444
1856
1102
624
702
1289
2042
2519
2440
1851
1097
618
696
1285
2040
2520
2445
1858
1104
624
699
1286
2040
2521
2447
1861
1106
624
697
1281
2035
2517
2444
1860
1107
625
697
1281
2034
2516
2445
1862
1109
625
695
1277
2030
2514
2447
1867
1116
633
702
1281
2032
2513
2443
1863
1111
628
698
1280
2035
2520
2453
1872
1117
631
696
1276
2030
2517
2452
1873
1119
631
694
1270
2022
2509
2446
1871
1120
634
699
1278
2033
2521
2459
1881
1127
637
698
1274
2026
2515
2453
1877
1123
633
694
1270
2024
2515
2455
1881
1128
637
697
1271
2024
2515
2455
1880
1125
633
691
1266
2020
2514
2457
1884
1130
637
694
1266
2020
2512
2455
1881
1127
634
692
1267
2024
2521
2465
1891
1133
634
687
1258
2013
2510
2457
1885
1129
631
683
1254
2012
2512
2462
1892
1134
632
679
1247
2003
2504
2458
1891
1134
632
677
1244
1999
2502
2457
1890
1133
629
674
1240
1997
2501
2457
1891
1132
627
670
1235
1993
2499
2457
1892
1134
627
667
1230
1985
2491
2451
1889
1135
631
673
1236
1991
2496
2455
1893
1138
632
671
1233
1989
2495
2457
1895
1139
631
668
1228
1984
2493
2458
1899
1144
635
669
1227
1983
2494
2462
1906
1152
641
672
1227
1979
2487
2454
1898
1145
636
669
1227
1982
2493
2461
1905
1150
638
669
1225
1980
2492
2461
1906
1151
638
668
1223
1978
2491
2462
1908
1155
644
675
1230
1986
2498
2468
1913
1158
644
673
1228
1983
2497
2469
1915
1159
644
672
1225
1981
2496
2468
1915
1158
642
667
1221
1978
2496
2472
1920
1165
648
672
1224
1981
2500
2477
1925
1167
646
667
1217
1975
2497
2477
1929
1174
653
673
1221
1977
2497
2478
1929
1172
651
669
1217
1974
2495
2477
1930
1174
653
672
1220
1978
2501
2484
1938
1181
658
674
1218
1973
2495
2479
1934
1179
657
674
1220
1977
2502
2487
1941
1184
658
671
1214
1969
2494
2480
1936
1180
654
667
1212
1970
2499
2489
1948
1191
663
672
1213
1968
2496
2487
1945
1188
658
665
1204
1961
2491
2486
1948
1192
662
668
1206
1962
2492
2487
1949
1193
662
667
1204
1961
2493
2490
1953
1197
664
666
1202
1958
2490
2487
1950
1194
660
663
1200
1958
2493
2492
1955
1196
659
656
1190
1947
2483
2485
1951
1194
658
656
1190
1948
2485
2486
1952
1193
655
653
1189
1949
2489
2494
1960
1201
659
652
1184
1942
2482
2488
1956
1198
657
650
1182
1941
2482
2489
1958
1199
657
649
1180
1939
2482
2491
1961
1202
659
651
1182
1942
2487
2497
1966
1204
656
642
1170
1930
2477
2492
1966
1207
661
647
1174
1933
2481
2496
1970
1212
666
652
1180
1941
2489
2503
1975
1213
663
647
1173
1933
2482
2499
1974
1214
665
648
1173
1932
2481
2499
1974
1215
665
645
1168
1926
2477
2497
1975
1217
667
646
1168
1926
2477
2499
1979
1221
670
648
1169
1928
2481
2504
1985
1227
673
648
1166
1924
2477
2503
1986
1229
677
652
1171
1930
2485
2513
1996
1237
681
653
1168
1926
2482
2510
1993
1234
677
648
1164
1924
2482
2512
1997
1238
679
649
1165
1926
2487
2519
2005
1246
686
653
1168
1927
2488
2522
2008
1248
687
652
1163
1922
2483
2517
2004
1244
681
645
1156
1915
2479
2516
2005
1246
683
645
1156
1916
2480
2517
2006
1245
680
641
1153
1915
2483
2522
2011
1247
677
634
1141
1902
2471
2513
2006
1245
677
635
1143
1905
2474
2517
2010
1248
677
632
1138
1898
2468
2512
2005
1244
674
630
1138
1901
2472
2518
2010
1247
675
629
1135
1897
2469
2515
2009
1246
673
626
1132
1895
2468
2515
2011
1250
678
632
1138
1900
2473
2520
2014
1251
678
631
1138
1902
2477
2526
2021
1259
686
638
1145
1909
2484
2534
2029
1264
688
637
1140
1902
2477
2527
2024
1261
685
634
1136
1899
2475
2528
2027
1265
689
636
1138
1901
2478
2533
2031
1267
687
630
1129
1891
2470
2527
2029
1266
686
627
1126
1890
2472
2532
2035
1271
688
627
1124
1888
2473
2535
2040
1277
693
630
1125
1888
2473
2536
2041
1277
692
627
1122
1886
2471
2535
2038
1271
681
613
1106
1872
2462
2532
2040
1275
685
615
1107
1871
2461
2530
2038
1273
682
612
1103
1868
2458
2527
2035
1269
678
609
1102
1869
2460
2531
2038
1269
676
603
1095
1864
2460
2535
2045
1277
681
604
1092
1859
2455
2531
2044
1278
681
603
1089
1855
2452
2530
2044
1278
681
603
1089
1857
2456
2536
2051
1284
685
604
1089
1854
2452
2531
2045
1277
678
596
1082
1850
2452
2535
2052
1285
683
599
1081
1848
2450
2537
2057
1292
690
604
1084
1849
2451
2537
2057
1291
688
600
1079
1844
2448
2538
2061
1297
694
605
1082
1846
2449
2539
2062
1299
696
606
1082
1846
2449
2539
2064
1300
696
606
1082
1846
2451
2541
2064
1299
693
601
1078
1845
2454
2548
2073
1307
699
604
1079
1846
2455
2549
2074
1305
693
596
1069
1835
2446
2545
2073
1308
698
601
1074
1839
2450
2547
2074
1307
696
598
1071
1838
2450
2549
2077
1310
698
599
1071
1838
2451
2553
2082
1316
702
600
1070
1836
2450
2553
2085
1319
704
600
1067
1833
2448
2553
2086
1319
702
595
1061
1827
2445
2553
2088
1321
701
591
1055
1821
2440
2550
2086
1319
698
587
1051
1818
2439
2551
2087
1319
697
585
1049
1816
2438
2551
2087
1319
695
581
1042
1810
2433
2548
2088
1322
700
585
1045
1810
2432
2546
2085
1320
697
583
1043
1810
2434
2550
2091
1325
700
581
1037
1800
2424
2543
2088
1326
704
587
1043
1806
2429
2548
2092
1330
707
588
1044
1807
2430
2548
2091
1326
701
581
1038
1804
2432
2554
2099
1333
705
581
1035
1799
2427
2551
2098
1333
706
582
1036
1801
2430
2553
2100
1334
705
581
1036
1803
2434
2560
2107
1340
708
581
1033
1799
2431
2558
2105
1338
704
576
1027
1795
2430
2560
2110
1341
705
574
1025
1794
2432
2566
2119
1352
716
583
1032
1799
2435
2568
2119
1351
714
580
1030
1799
2439
2575
2127
1358
716
577
1021
1787
2427
2565
2121
1354
715
576
1020
1787
2427
2568
2125
1358
717
575
1017
1784
2427
2570
2131
1365
723
578
1017
1782
2426
2572
2135
1371
727
580
1016
1779
2422
2569
2134
1372
729
582
1016
1779
2422
2571
2136
1374
729
579
1011
1773
2418
2569
2138
1377
732
580
1011
1774
2422
2578
2150
1390
742
585
1011
1769
2416
2572
2145
1386
739
582
1008
1767
2414
2572
2146
1388
740
584
1010
1770
2418
2575
2149
1389
739
582
1008
1769
2418
2576
2149
1387
736
577
1003
1766
2418
2577
2151
1388
733
571
995
1757
2411
2574
2152
1392
741
580
1005
1766
2418
2579
2154
1393
740
577
999
1759
2412
2574
2152
1393
741
578
1000
1759
2409
2571
2148
1389
738
577
1001
1761
2414
2577
2155
1396
743
580
1002
1763
2416
2581
2159
1398
743
577
997
1757
2413
2580
2162
1404
749
582
999
1757
2412
2581
2164
1407
753
585
1001
1758
2412
2579
2162
1403
746
575
992
1752
2410
2584
2170
1411
752
578
991
1750
2410
2586
2175
1418
759
583
994
1750
2409
2584
2173
1417
757
581
992
1749
2409
2585
2176
1419
759
581
990
1746
2406
2585
2177
1422
762
584
992
1747
2409
2588
2180
1424
761
579
985
1742
2407
2591
2187
1432
767
582
984
1738
2402
2588
2187
1435
773
589
991
1744
2408
2592
2189
1434
769
581
980
1732
2397
2583
2184
1431
767
579
980
1734
2400
2590
2191
1438
771
579
975
1725
2390
2579
2182
1430
764
574
970
1721
2387
2578
2183
1432
766
574
967
1716
2381
2574
2180
1432
766
573
966
1714
2379
2573
2181
1433
768
574
964
1711
2375
2568
2176
1428
762
568
961
1711
2379
2576
2187
1438
769
569
955
1700
2368
2566
2181
1437
771
574
961
1706
2373
2571
2183
1437
768
568
953
1698
2368
2569
2185
1441
771
569
953
1699
2369
2573
2190
1445
775
571
954
1700
2372
2576
2193
1446
771
564
945
1692
2366
2575
2197
1453
780
572
950
1693
2364
2570
2191
1447
776
570
950
1694
2366
2574
2195
1453
781
573
951
1693
2364
2571
2192
1449
776
568
946
1689
2363
2574
2199
1456
782
570
943
1685
2359
2572
2198
1457
782
568
940
1680
2355
2570
2198
1458
782
567
939
1680
2357
2573
2202
1461
783
565
935
1675
2353
2571
2201
1458
778
559
928
1672
2354
2577
2210
1469
787
564
930
1671
2353
2576
2211
1470
788
563
927
1667
2348
2572
2208
1469
788
564
929
1669
2352
2576
2212
1472
790
565
929
1669
2352
2577
2212
1469
784
557
920
1662
2348
2577
2216
1475
789
560
921
1661
2346
2575
2213
1471
784
553
914
1656
2345
2577
2218
1478
790
558
916
1655
2342
2573
2214
1474
787
556
916
1656
2345
2578
2220
1479
790
555
913
1653
2342
2577
2220
1480
790
553
908
1645
2333
2570
2216
1479
791
555
909
1645
2333
2568
2214
1476
786
547
899
1635
2325
2565
2214
1478
788
548
898
1635
2326
2568
2220
1484
793
549
895
1628
2318
2560
2213
1480
790
548
895
1629
2321
2565
2219
1486
795
550
896
1629
2321
2568
2224
1491
798
550
892
1623
2316
2565
2224
1493
801
552
893
1623
2316
2565
2225
1496
804
556
897
1628
2322
2571
2231
1500
806
555
895
1627
2322
2574
2236
1506
812
560
898
1630
2326
2580
2242
1511
814
559
895
1625
2322
2577
2242
1513
817
560
895
1624
2321
2578
2247
1520
826
570
903
1631
2328
2586
2255
1528
832
574
905
1631
2327
2586
2255
1528
830
570
901
1629
2328
2590
2262
1536
837
574
901
1627
2328
2592
2266
1540
840
574
900
1627
2329
2597
2272
1546
843
575
898
1623
2326
2596
2274
1550
847
578
899
1623
2324
2592
2270
1546
844
575
896
1619
2320
2589
2269
1547
846
577
897
1620
2322
2592
2274
1552
849
576
892
1611
2313
2586
2272
1555
854
579
891
1606
2306
2581
2270
1556
856
581
890
1603
2302
2577
2268
1555
856
580
889
1602
2300
2574
2263
1549
849
573
884
1600
2301
2578
2267
1550
847
568
876
1591
2294
2573
2266
1553
851
573
880
1594
2296
2574
2265
1549
846
566
875
1591
2296
2578
2272
1558
854
571
876
1589
2293
2575
2271
1558
853
569
872
1584
2288
2572
2271
1559
855
570
871
1582
2286
2571
2270
1560
856
571
871
1582
2287
2573
2274
1563
857
569
867
1576
2282
2571
2274
1566
861
572
871
1580
2288
2579
2284
1577
871
581
875
1582
2288
2577
2282
1575
869
578
873
1581
2288
2580
2287
1581
876
585
879
1586
2293
2584
2291
1584
877
585
878
1586
2294
2587
2294
1586
877
582
872
1579
2289
2586
2298
1593
886
590
879
1583
2290
2586
2296
1591
882
584
872
1576
2285
2585
2300
1599
892
593
880
1583
2293
2593
2307
1603
891
588
870
1572
2283
2586
2304
1603
892
589
871
1572
2282
2584
2301
1598
886
583
866
1570
2284
2590
2308
1605
892
585
865
1568
2281
2588
2309
1606
893
585
863
1564
2277
2585
2306
1604
890
581
859
1560
2275
2584
2306
1604
888
578
855
1557
2274
2586
2310
1607
889
575
849
1550
2268
2582
2309
1610
893
579
852
1552
2269
2582
2308
1606
885
568
839
1540
2260
2578
2309
1610
891
574
843
1542
2260
2576
2306
1607
887
569
838
1536
2256
2575
2307
1607
887
566
833
1531
2251
2572
2306
1608
886
564
829
1526
2249
2573
2310
1613
891
566
827
1522
2244
2569
2307
1613
892
568
829
1523
2243
2567
2305
1610
889
566
829
1525
2246
2571
2309
1614
892
567
829
1525
2249
2575
2315
1620
897
569
828
1523
2247
2576
2319
1627
904
574
830
1523
2246
2577
2322
1630
907
576
831
1523
2246
2578
2322
1629
904
570
825
1517
2243
2578
2325
1634
909
576
829
1522
2248
2583
2330
1637
910
575
829
1524
2253
2590
2338
1644
913
573
823
1515
2244
2585
2337
1646
918
579
828
1519
2248
2587
2338
1646
915
574
821
1512
2241
2582
2334
1642
910
567
814
1506
2239
2584
2339
1648
915
569
812
1502
2235
2582
2340
1650
917
570
811
1499
2230
2578
2336
1648
915
567
807
1495
2227
2576
2336
1648
915
566
804
1491
2222
2571
2330
1642
908
558
797
1484
2218
2569
2330
1641
906
555
792
1480
2215
2566
2328
1639
902
549
787
1476
2214
2568
2332
1644
905
549
784
1471
2208
2564
2330
1644
907
552
786
1473
2210
2565
2330
1643
904
548
782
1470
2210
2568
2336
1649
908
547
776
1460
2200
2562
2335
1653
916
555
782
1463
2200
2561
2336
1657
922
561
787
1467
2203
2564
2338
1658
922
561
787
1467
2205
2568
2344
1665
929
567
792
1472
2209
2572
2347
1666
928
563
788
1469
2210
2575
2353
1671
930
563
784
1465
2206
2575
2355
1676
935
566
786
1466
2209
2580
2364
1689
950
581
799
1475
2213
2580
2360
1681
940
570
788
1467
2208
2580
2363
1686
944
572
788
1466
2209
2583
2369
1693
950
575
788
1464
2206
2581
2369
1694
952
577
789
1463
2205
2579
2366
1691
947
572
785
1461
2206
2583
2372
1695
948
568
777
1452
2198
2579
2372
1698
953
571
778
1451
2197
2579
2372
1698
951
567
772
1445
2193
2576
2371
1697
947
561
765
1439
2189
2576
2373
1698
947
557
758
1431
2181
2570
2369
1696
945
555
756
1428
2178
2567
2366
1693
943
553
753
1425
2175
2565
2365
1693
942
552
752
1423
2173
2563
2364
1693
941
550
747
1416
2166
2558
2361
1693
944
554
751
1421
2171
2561
2364
1693
941
549
745
1416
2169
2563
2367
1695
939
541
733
1403
2159
2558
2368
1700
947
550
741
1409
2163
2561
2369
1702
948
551
743
1413
2168
2567
2376
1706
951
551
741
1410
2166
2568
2380
1713
958
556
744
1411
2167
2569
2383
1717
961
559
744
1410
2165
2569
2385
1722
970
569
756
1420
2175
2576
2390
1726
971
569
755
1421
2177
2580
2394
1727
968
562
745
1411
2171
2581
2401
1739
982
574
754
1418
2177
2587
2408
1745
986
576
754
1417
2178
2589
2412
1749
988
574
750
1412
2172
2585
2409
1747
987
574
751
1415
2177
2590
2413
1749
986
571
748
1412
2177
2594
2419
1755
989
570
743
1406
2171
2590
2418
1756
991
572
743
1405
2170
2591
2420
1759
993
572
743
1405
2172
2595
2426
1763
995
570
737
1397
2165
2590
2423
1761
993
568
735
1397
2167
2594
2427
1766
995
568
733
1395
2165
2593
2427
1766
995
567
732
1395
2167
2597
2433
1770
996
564
725
1385
2156
2587
2425
1765
994
564
727
1388
2160
2591
2428
1765
991
557
719
1382
2158
2595
2436
1776
1001
564
723
1381
2155
2590
2431
1771
995
559
718
1379
2156
2595
2438
1779
1004
566
723
1382
2159
2598
2441
1782
1005
565
721
1380
2158
2599
2444
1785
1007
566
719
1378
2155
2597
2444
1785
1007
566
720
1380
2161
2606
2455
1796
1015
568
718
1376
2158
2606
2457
1800
1018
570
717
1374
2157
2606
2460
1804
1021
570
715
1370
2152
2603
2458
1801
1018
567
711
1368
2152
2605
2463
1809
1026
573
715
1370
2153
2608
2467
1813
1029
574
714
1368
2153
2609
2470
1817
1033
576
713
1364
2147
2603
2465
1813
1030
574
712
1364
2148
2605
2468
1816
1032
575
713
1364
2148
2604
2465
1812
1026
567
703
1356
2143
2605
2471
1820
1034
571
703
1351
2136
2597
2464
1815
1029
567
699
1348
2133
2596
2465
1816
1031
567
699
1348
2136
2600
2470
1820
1032
565
693
1341
2128
2593
2463
1814
1024
557
685
1334
2124
2593
2466
1817
1026
554
679
1324
2114
2584
2459
1813
1024
553
678
1324
2113
2583
2457
1810
1018
546
670
1318
2111
2585
2462
1815
1022
547
667
1312
2104
2578
2459
1815
1024
549
670
1314
2105
2579
2459
1813
1020
544
663
1307
2101
2578
2461
1818
1026
548
665
1308
2100
2577
2460
1816
1023
545
662
1306
2101
2581
2465
1822
1027
546
661
1304
2098
2578
2463
1821
1026
545
660
1303
2099
2581
2467
1824
1029
546
660
1302
2098
2581
2469
1827
1032
548
660
1301
2097
2581
2470
1831
1036
552
662
1303
2098
2584
2476
1837
1043
557
665
1304
2100
2587
2479
1839
1042
553
658
1296
2093
2582
2477
1839
1042
553
659
1298
2097
2588
2483
1844
1044
552
657
1297
2099
2593
2491
1853
1052
557
659
1298
2099
2593
2491
1851
1049
553
655
1295
2099
2595
2494
1854
1049
550
649
1287
2091
2589
2490
1852
1047
547
644
1282
2088
2589
2493
1857
1051
548
641
1275
2079
2582
2490
1856
1052
549
641
1274
2079
2584
2495
1863
1060
554
643
1273
2076
2580
2490
1858
1055
550
639
1271
2076
2582
2492
1859
1052
544
632
1265
2074
2585
2500
1868
1060
547
629
1258
2065
2576
2493
1862
1055
542
627
1259
2070
2585
2504
1873
1062
546
625
1255
2065
2582
2502
1873
1062
544
623
1251
2061
2579
2501
1874
1064
546
623
1251
2063
2582
2506
1880
1069
548
623
1248
2060
2582
2510
1887
1077
555
625
1245
2051
2572
2502
1882
1077
559
631
1252
2058
2576
2503
1881
1073
553
626
1250
2059
2582
2512
1889
1080
557
627
1250
2061
2585
2516
1893
1082
557
625
1246
2057
2583
2514
1892
1080
555
624
1247
2062
2589
2521
1897
1082
551
617
1240
2055
2586
2522
1901
1086
556
620
1242
2059
2593
2532
1912
1097
563
624
1244
2059
2593
2532
1913
1096
561
620
1238
2053
2587
2528
1910
1096
562
622
1240
2055
2589
2530
1912
1097
563
622
1240
2056
2592
2536
1919
1103
565
620
1235
2050
2589
2536
1922
1108
570
624
1239
2055
2595
2542
1928
1112
572
625
1239
2055
2595
2541
1925
1107
565
617
1232
2051
2593
2542
1928
1109
567
618
1233
2052
2595
2545
1931
1113
570
619
1232
2050
2593
2544
1931
1113
568
616
1228
2045
2588
2541
1930
1113
570
618
1230
2047
2592
2545
1935
1117
571
617
1227
2044
2590
2545
1936
1118
572
617
1227
2045
2593
2549
1938
1117
566
608
1218
2039
2591
2552
1944
1124
570
609
1216
2037
2590
2552
1945
1125
572
610
1218
2040
2595
2557
1948
1123
565
600
1207
2031
2589
2555
1947
1122
563
596
1204
2029
2590
2557
1950
1125
563
595
1201
2026
2588
2557
1951
1125
563
594
1199
2024
2585
2553
1947
1121
559
590
1197
2024
2588
2559
1953
1125
559
587
1192
2020
2586
2561
1957
1130
562
586
1188
2016
2585
2562
1961
1134
565
586
1187
2015
2586
2566
1966
1138
566
585
1185
2014
2587
2569
1971
1142
568
584
1182
2011
2586
2569
1971
1141
565
581
1179
2009
2587
2573
1978
1150
574
588
1184
2013
2589
2575
1979
1148
569
581
1176
2006
2585
2574
1981
1152
574
584
1178
2007
2586
2576
1983
1154
574
583
1174
2002
2582
2573
1982
1154
574
582
1173
2000
2579
2571
1981
1154
575
584
1176
2004
2584
2576
1984
1154
573
580
1172
2003
2585
2579
1987
1155
570
574
1164
1995
2581
2579
1990
1160
573
575
1162
1992
2577
2575
1986
1154
567
569
1158
1991
2581
2582
1995
1162
572
570
1157
1989
2580
2584
1998
1166
575
571
1156
1988
2579
2583
1997
1164
571
564
1148
1981
2575
2584
2002
1171
577
569
1150
1980
2573
2581
1999
1168
573
564
1144
1975
2571
2582
2003
1172
577
566
1145
1976
2572
2583
2003
1171
574
561
1140
1971
2567
2579
1998
1165
566
553
1133
1967
2566
2580
2002
1169
570
555
1133
1966
2566
2581
2003
1170
571
556
1134
1968
2570
2586
2008
1173
570
550
1125
1958
2561
2580
2006
1173
571
551
1125
1957
2558
2577
2001
1168
565
546
1123
1958
2564
2585
2011
1176
571
548
1122
1957
2563
2585
2010
1175
567
542
1114
1948
2555
2580
2008
1173
566
541
1115
1951
2561
2588
2017
1182
572
546
1118
1954
2565
2593
2021
1183
570
541
1111
1949
2562
2592
2021
1183
568
537
1108
1946
2562
2593
2023
1183
566
534
1104
1944
2563
2597
2027
1186
567
533
1103
1945
2565
2601
2032
1190
568
530
1098
1938
2560
2599
2032
1191
569
529
1095
1936
2559
2600
2034
1193
569
527
1092
1934
2560
2605
2043
1203
577
532
1094
1933
2557
2601
2038
1198
572
527
1091
1933
2561
2609
2047
1207
580
534
1096
1938
2566
2612
2049
1206
575
527
1090
1935
2568
2618
2056
1212
578
527
1087
1931
2564
2616
2056
1211
577
525
1084
1928
2563
2617
2059
1217
584
532
1091
1934
2568
2620
2061
1217
583
529
1088
1932
2567
2620
2060
1215
580
525
1084
1931
2569
2626
2070
1225
587
528
1083
1927
2566
2626
2072
1230
592
533
1088
1931
2569
2628
2073
1229
590
529
1084
1928
2569
2630
2077
1232
591
529
1082
1926
2568
2631
2079
1233
589
523
1073
1918
2562
2628
2078
1234
591
524
1074
1919
2563
2629
2078
1231
585
518
1068
1916
2563
2632
2082
1234
586
516
1066
1913
2562
2632
2083
1235
585
513
1063
1912
2563
2635
2086
1237
585
511
1059
1908
2561
2636
2089
1241
588
512
1059
1907
2561
2637
2092
1243
587
509
1053
1901
2556
2634
2090
1242
586
506
1049
1897
2554
2636
2094
1247
591
511
1054
1904
2563
2646
2104
1255
593
507
1046
1894
2555
2642
2105
1257
596
509
1046
1893
2554
2641
2104
1256
595
507
1045
1893
2556
2646
2109
1260
596
506
1041
1890
2554
2645
2110
1261
596
503
1037
1885
2549
2642
2108
1261
598
506
1040
1888
2553
2645
2111
1263
597
504
1038
1886
2554
2649
2117
1269
600
502
1032
1879
2548
2647
2119
1274
606
507
1035
1882
2551
2650
2123
1276
606
504
1031
1877
2547
2649
2122
1275
604
501
1028
1876
2548
2652
2127
1280
608
504
1029
1874
2546
2649
2124
1278
608
505
1032
1880
2554
2657
2132
1283
609
503
1028
1876
2551
2658
2134
1286
609
500
1021
1867
2541
2648
2127
1282
608
501
1023
1870
2546
2654
2132
1285
608
498
1018
1865
2542
2654
2136
1291
614
502
1020
1865
2543
2656
2140
1295
618
503
1020
1865
2544
2660
2146
1302
624
507
1021
1863
2541
2656
2141
1297
617
500
1013
1857
2537
2655
2142
1297
615
496
1008
1854
2538
2661
2151
1307
624
500
1009
1851
2534
2657
2148
1304
620
496
1005
1849
2534
2657
2148
1304
619
494
1002
1845
2530
2654
2145
1302
618
495
1005
1850
2535
2660
2151
1307
620
494
1001
1844
2530
2657
2151
1307
620
491
995
1837
2523
2653
2150
1309
624
494
997
1837
2524
2653
2151
1309
622
490
993
1835
2524
2656
2155
1313
624
491
993
1835
2524
2656
2153
1308
614
478
978
1823
2517
2654
2155
1312
618
479
977
1819
2514
2654
2159
1320
628
491
989
1831
2524
2664
2167
1324
629
488
983
1824
2519
2660
2164
1322
626
482
975
1817
2513
2657
2164
1323
625
479
971
1812
2510
2657
2166
1325
627
480
972
1814
2514
2663
2173
1332
633
484
974
1815
2516
2665
2176
1335
634
483
970
1811
2513
2666
2179
1339
636
482
968
1809
2513
2669
2186
1346
642
485
967
1805
2509
2667
2187
1350
646
487
966
1802
2506
2665
2187
1352
648
489
967
1802
2505
2665
2186
1350
645
485
964
1802
2508
2671
2193
1356
648
484
960
1796
2504
2670
2195
1360
651
485
956
1790
2497
2664
2193
1361
656
491
962
1795
2500
2666
2195
1362
656
489
959
1791
2497
2664
2193
1361
655
487
958
1790
2497
2664
2194
1360
651
482
952
1787
2497
2667
2199
1365
654
483
952
1787
2498
2670
2202
1368
657
484
952
1786
2498
2670
2202
1367
652
476
941
1775
2489
2665
2201
1368
653
476
939
1772
2486
2664
2200
1367
651
472
935
1768
2485
2666
2205
1372
656
475
935
1768
2484
2665
2205
1372
655
474
934
1767
2485
2666
2206
1372
653
468
925
1756
2475
2660
2204
1375
658
475
933
1765
2484
2669
2212
1380
659
470
925
1757
2479
2669
2216
1385
664
473
926
1757
2479
2671
2220
1390
667
475
925
1755
2479
2673
2223
1394
671
477
926
1756
2482
2679
2233
1406
680
481
923
1749
2473
2673
2231
1406
681
480
919
1742
2468
2671
2234
1413
689
486
923
1745
2470
2676
2241
1420
695
490
924
1744
2469
2674
2239
1419
692
486
920
1741
2467
2674
2240
1419
692
483
916
1735
2461
2668
2236
1417
692
486
919
1739
2464
2670
2235
1415
687
479
911
1731
2458
2667
2235
1415
687
477
907
1725
2453
2663
2234
1416
689
478
907
1724
2452
2665
2238
1422
695
482
908
1724
2450
2661
2234
1419
692
479
906
1722
2448
2660
2232
1415
687
475
902
1720
2449
2663
2236
1418
687
471
896
1713
2445
2662
2239
1423
693
476
899
1714
2445
2664
2242
1427
696
476
895
1708
2439
2658
2238
1424
693
473
893
1707
2440
2661
2243
1429
695
472
889
1703
2436
2660
2244
1432
699
476
893
1706
2438
2661
2245
1432
700
477
895
1709
2442
2665
2247
1432
697
472
889
1704
2439
2665
2250
1435
698
469
883
1696
2434
2664
2253
1443
708
479
890
1702
2439
2670
2260
1449
713
480
887
1695
2429
2661
2253
1445
711
481
889
1697
2433
2665
2258
1449
713
479
885
1692
2429
2664
2260
1454
718
483
887
1694
2431
2668
2264
1457
719
482
885
1692
2432
2670
2267
1458
717
475
876
1684
2427
2670
2271
1464
723
481
880
1688
2432
2675
2276
1469
726
482
881
1688
2431
2675
2276
1469
725
481
879
1687
2431
2676
2277
1468
722
475
872
1680
2427
2676
2281
1474
728
478
872
1678
2424
2674
2281
1475
727
475
865
1670
2417
2670
2280
1476
